date,total_confirmed,confirmed,total_recover,recover,total_active,active,total_death,death
2020-03-01,4,4,0,0,4,4,0,0
2020-03-07,34,30,2,2,31,27,1,1
2020-03-13,227,193,11,9,197,166,19,18
2020-03-19,685,458,30,19,600,403,55,36
2020-03-25,1414,729,75,45,1217,617,122,67
2020-03-31,2273,859,164,89,1911,694,198,76
2020-04-06,3842,1569,286,122,3229,1318,327,129
2020-04-12,5923,2081,607,321,4796,1567,520,193
2020-04-18,7775,1852,960,353,6168,1372,647,127
2020-04-24,9771,1996,1391,431,7596,1428,784,137
2020-04-30,12071,2300,2197,806,9002,1406,872,88
2020-05-06,14265,2194,2881,684,10393,1391,991,119
2020-05-12,17514,3249,4129,1248,12237,1844,1148,157
2020-05-18,21745,4231,5249,1120,15145,2908,1351,203
2020-05-24,25216,3471,6492,1243,17204,2059,1520,169
2020-05-30,28818,3602,8892,2400,18205,1001,1721,201
2020-06-05,34316,5498,12129,3237,20228,2023,1959,238
2020-06-11,40400,6084,15703,3574,22466,2238,2231,272
2020-06-17,46845,6445,18735,3032,25610,3144,2500,269
2020-06-23,54010,7165,22936,4201,28320,2710,2754,254
2020-06-29,62142,8132,28219,5283,30834,2514,3089,335
2020-07-05,72347,10205,33529,5310,35349,4515,3469,380
2020-07-11,78572,6225,37636,4107,37226,1877,3710,241
