date,total_confirmed,confirmed,total_recover,recover,total_death,death,total_active,active
2020-03-01,0,0,0,0,0,0,0,0
2020-03-02,0,0,0,0,0,0,0,0
2020-03-03,0,0,0,0,0,0,0,0
2020-03-04,0,0,0,0,0,0,0,0
2020-03-05,0,0,0,0,0,0,0,0
2020-03-06,0,0,0,0,0,0,0,0
2020-03-07,0,0,0,0,0,0,0,0
2020-03-08,0,0,0,0,0,0,0,0
2020-03-09,0,0,0,0,0,0,0,0
2020-03-10,0,0,0,0,0,0,0,0
2020-03-11,0,0,0,0,0,0,0,0
2020-03-12,0,0,0,0,0,0,0,0
2020-03-13,0,0,0,0,0,0,0,0
2020-03-14,0,0,0,0,0,0,0,0
2020-03-15,0,0,0,0,0,0,0,0
2020-03-16,0,0,0,0,0,0,0,0
2020-03-17,0,0,0,0,0,0,0,0
2020-03-18,0,0,0,0,0,0,0,0
2020-03-19,0,0,0,0,0,0,0,0
2020-03-20,0,0,0,0,0,0,0,0
2020-03-21,0,0,0,0,0,0,0,0
2020-03-22,0,0,0,0,0,0,0,0
2020-03-23,0,0,0,0,0,0,0,0
2020-03-24,0,0,0,0,0,0,0,0
2020-03-25,0,0,0,0,0,0,0,0
2020-03-26,0,0,0,0,0,0,0,0
2020-03-27,0,0,0,0,0,0,0,0
2020-03-28,0,0,0,0,0,0,0,0
2020-03-29,0,0,0,0,0,0,0,0
2020-03-30,1,1,0,0,0,0,1,1
2020-03-31,2,1,0,0,1,1,1,0
2020-04-01,2,0,0,0,1,0,1,0
2020-04-02,2,0,0,0,1,0,1,0
2020-04-03,2,0,0,0,1,0,1,0
2020-04-04,2,0,0,0,1,0,1,0
2020-04-05,2,0,0,0,1,0,1,0
2020-04-06,2,0,0,0,1,0,1,0
2020-04-07,2,0,0,0,1,0,1,0
2020-04-08,2,0,0,0,1,0,1,0
2020-04-09,3,1,0,0,1,0,2,1
2020-04-10,3,0,0,0,1,0,2,0
2020-04-11,4,1,0,0,1,0,3,1
2020-04-12,4,0,0,0,1,0,3,0
2020-04-13,4,0,0,0,1,0,3,0
2020-04-14,4,0,0,0,1,0,3,0
2020-04-15,5,1,0,0,1,0,4,1
2020-04-16,6,1,0,0,1,0,5,1
2020-04-17,6,0,0,0,1,0,5,0
2020-04-18,6,0,1,1,1,0,4,-1
2020-04-19,7,1,1,0,1,0,5,1
2020-04-20,7,0,1,0,1,0,5,0
2020-04-21,8,1,1,0,1,0,6,1
2020-04-22,8,0,1,0,1,0,6,0
2020-04-23,9,1,1,0,1,0,7,1
2020-04-24,9,0,1,0,1,0,7,0
2020-04-25,9,0,1,0,1,0,7,0
2020-04-26,10,1,1,0,1,0,8,1
2020-04-27,10,0,1,0,1,0,8,0
2020-04-28,10,0,1,0,1,0,8,0
2020-04-29,10,0,1,0,1,0,8,0
2020-04-30,10,0,2,1,1,0,7,-1
2020-05-01,19,9,2,0,1,0,16,9
2020-05-02,19,0,2,0,1,0,16,0
2020-05-03,20,1,2,0,1,0,17,1
2020-05-04,20,0,2,0,1,0,17,0
2020-05-05,28,8,2,0,1,0,25,8
2020-05-06,28,0,4,2,1,0,23,-2
2020-05-07,28,0,4,0,1,0,23,0
2020-05-08,28,0,5,1,1,0,22,-1
2020-05-09,28,0,5,0,1,0,22,0
2020-05-10,29,1,5,0,1,0,23,1
2020-05-11,29,0,5,0,1,0,23,0
2020-05-12,29,0,5,0,1,0,23,0
2020-05-13,29,0,5,0,1,0,23,0
2020-05-14,29,0,5,0,1,0,23,0
2020-05-15,29,0,22,17,1,0,6,-17
2020-05-16,29,0,22,0,1,0,6,0
2020-05-17,29,0,22,0,1,0,6,0
2020-05-18,29,0,22,0,1,0,6,0
2020-05-19,29,0,22,0,1,0,6,0
2020-05-20,35,6,23,1,1,0,11,5
2020-05-21,36,1,24,1,1,0,11,0
2020-05-22,36,0,24,0,1,0,11,0
2020-05-23,39,3,25,1,1,0,13,2
2020-05-24,39,0,25,0,1,0,13,0
2020-05-25,39,0,25,0,1,0,13,0
2020-05-26,39,0,25,0,1,0,13,0
2020-05-27,42,3,25,0,1,0,16,3
2020-05-28,42,0,25,0,1,0,16,0
2020-05-29,42,0,25,0,1,0,16,0
2020-05-30,45,3,25,0,1,0,19,3
2020-05-31,46,1,26,1,1,0,19,0
2020-06-01,46,0,26,0,1,0,19,0
2020-06-02,50,4,27,1,1,0,22,3
2020-06-03,62,12,30,3,1,0,31,9
2020-06-04,72,10,32,2,1,0,39,8
2020-06-05,81,9,32,0,1,0,48,9
2020-06-06,98,17,33,1,1,0,64,16
2020-06-07,102,4,34,1,1,0,67,3
2020-06-08,102,0,35,1,1,0,66,-1
2020-06-09,121,19,40,5,1,0,80,14
2020-06-10,123,2,41,1,1,0,81,1
2020-06-11,126,3,44,3,1,0,81,0
2020-06-12,132,6,52,8,1,0,79,-2
2020-06-13,136,4,61,9,1,0,74,-5
2020-06-14,144,8,61,0,2,1,81,7
2020-06-15,144,0,61,0,2,0,81,0
2020-06-16,145,1,66,5,2,0,77,-4
2020-06-17,147,2,93,27,2,0,52,-25
2020-06-18,147,0,99,6,2,0,46,-6
2020-06-19,147,0,105,6,2,0,40,-6
2020-06-20,148,1,105,0,2,0,41,1
2020-06-21,148,0,105,0,2,0,41,0
2020-06-22,148,0,115,10,2,0,31,-10
2020-06-23,148,0,115,0,2,0,31,0
2020-06-24,148,0,124,9,2,0,22,-9
2020-06-25,148,0,125,1,2,0,21,-1
2020-06-26,148,0,128,3,2,0,18,-3
2020-06-27,149,1,130,2,2,0,17,-1
2020-06-28,149,0,130,0,2,0,17,0
2020-06-29,152,3,131,1,2,0,19,2
2020-06-30,152,0,132,1,2,0,18,-1
2020-07-01,155,3,133,1,2,0,20,2
2020-07-02,155,0,134,1,2,0,19,-1
2020-07-03,157,2,134,0,2,0,21,2
2020-07-04,161,4,134,0,2,0,25,4
2020-07-05,163,2,134,0,2,0,27,2
2020-07-06,169,6,134,0,2,0,33,6
2020-07-07,171,2,137,3,2,0,32,-1
2020-07-08,171,0,137,0,2,0,32,0
2020-07-09,171,0,138,1,2,0,31,-1
2020-07-10,171,0,139,1,2,0,30,-1
2020-07-11,172,1,140,1,2,0,30,0
2020-07-12,172,0,140,0,2,0,30,0
2020-07-13,172,0,143,3,2,0,27,-3
2020-07-14,174,2,143,0,2,0,29,2
2020-07-15,175,1,148,5,2,0,25,-4
2020-07-16,175,0,164,16,2,0,9,-16
2020-07-17,175,0,164,0,2,0,9,0
2020-07-18,176,1,165,1,2,0,9,0
2020-07-19,176,0,165,0,2,0,9,0
2020-07-20,180,4,165,0,2,0,13,4
2020-07-21,180,0,165,0,2,0,13,0
2020-07-22,181,1,167,2,2,0,12,-1
2020-07-23,182,1,167,0,2,0,13,1
2020-07-24,185,3,167,0,2,0,16,3
2020-07-25,186,1,170,3,2,0,14,-2
2020-07-26,188,2,171,1,2,0,15,1
2020-07-27,191,3,171,0,2,0,18,3
2020-07-28,191,0,171,0,2,0,18,0
2020-07-29,193,2,173,2,2,0,18,0
2020-07-30,0,0,0,0,0,0,0,0
