date,total_confirmed,confirmed,total_recover,recover,total_death,death,total_active,active
2020-03-01,0,0,0,0,0,0,0,0
2020-03-02,0,0,0,0,0,0,0,0
2020-03-03,0,0,0,0,0,0,0,0
2020-03-04,0,0,0,0,0,0,0,0
2020-03-05,0,0,0,0,0,0,0,0
2020-03-06,0,0,0,0,0,0,0,0
2020-03-07,0,0,0,0,0,0,0,0
2020-03-08,0,0,0,0,0,0,0,0
2020-03-09,0,0,0,0,0,0,0,0
2020-03-10,0,0,0,0,0,0,0,0
2020-03-11,0,0,0,0,0,0,0,0
2020-03-12,0,0,0,0,0,0,0,0
2020-03-13,0,0,0,0,0,0,0,0
2020-03-14,0,0,0,0,0,0,0,0
2020-03-15,0,0,0,0,0,0,0,0
2020-03-16,0,0,0,0,0,0,0,0
2020-03-17,0,0,0,0,0,0,0,0
2020-03-18,0,0,0,0,0,0,0,0
2020-03-19,0,0,0,0,0,0,0,0
2020-03-20,0,0,0,0,0,0,0,0
2020-03-21,0,0,0,0,0,0,0,0
2020-03-22,0,0,0,0,0,0,0,0
2020-03-23,1,1,0,0,0,0,1,1
2020-03-24,1,0,0,0,0,0,1,0
2020-03-25,1,0,0,0,0,0,1,0
2020-03-26,1,0,0,0,0,0,1,0
2020-03-27,1,0,0,0,0,0,1,0
2020-03-28,1,0,0,0,0,0,1,0
2020-03-29,1,0,0,0,0,0,1,0
2020-03-30,1,0,0,0,0,0,1,0
2020-03-31,1,0,0,0,0,0,1,0
2020-04-01,1,0,0,0,0,0,1,0
2020-04-02,1,0,0,0,0,0,1,0
2020-04-03,1,0,0,0,0,0,1,0
2020-04-04,1,0,0,0,0,0,1,0
2020-04-05,1,0,0,0,0,0,1,0
2020-04-06,1,0,0,0,0,0,1,0
2020-04-07,1,0,0,0,0,0,1,0
2020-04-08,2,1,0,0,0,0,2,1
2020-04-09,2,0,1,1,0,0,1,-1
2020-04-10,2,0,1,0,0,0,1,0
2020-04-11,2,0,1,0,0,0,1,0
2020-04-12,2,0,1,0,0,0,1,0
2020-04-13,2,0,1,0,0,0,1,0
2020-04-14,2,0,1,0,0,0,1,0
2020-04-15,4,2,2,1,0,0,2,1
2020-04-16,4,0,2,0,0,0,2,0
2020-04-17,4,0,2,0,0,0,2,0
2020-04-18,4,0,2,0,0,0,2,0
2020-04-19,4,0,2,0,0,0,2,0
2020-04-20,4,0,2,0,0,0,2,0
2020-04-21,4,0,2,0,0,0,2,0
2020-04-22,12,8,2,0,0,0,10,8
2020-04-23,14,2,2,0,0,0,12,2
2020-04-24,14,0,2,0,0,0,12,0
2020-04-25,14,0,3,1,0,0,11,-1
2020-04-26,26,12,3,0,0,0,23,12
2020-04-27,26,0,3,0,0,0,23,0
2020-04-28,26,0,4,1,0,0,22,-1
2020-04-29,26,0,4,0,0,0,22,0
2020-04-30,40,14,4,0,0,0,36,14
2020-05-01,41,1,4,0,0,0,37,1
2020-05-02,41,0,4,0,0,0,37,0
2020-05-03,50,9,6,2,0,0,44,7
2020-05-04,50,0,6,0,0,0,44,0
2020-05-05,50,0,6,0,0,0,44,0
2020-05-06,50,0,6,0,0,0,44,0
2020-05-07,50,0,6,0,0,0,44,0
2020-05-08,50,0,9,3,0,0,41,-3
2020-05-09,54,4,9,0,0,0,45,4
2020-05-10,54,0,9,0,0,0,45,0
2020-05-11,54,0,9,0,0,0,45,0
2020-05-12,54,0,9,0,0,0,45,0
2020-05-13,77,23,9,0,3,3,65,20
2020-05-14,81,4,12,3,3,0,66,1
2020-05-15,85,4,13,1,4,1,68,2
2020-05-16,88,3,13,0,4,0,71,3
2020-05-17,92,4,13,0,4,0,75,4
2020-05-18,93,1,13,0,4,0,76,1
2020-05-19,95,2,13,0,4,0,78,2
2020-05-20,96,1,13,0,4,0,79,1
2020-05-21,97,1,13,0,4,0,80,1
2020-05-22,99,2,13,0,4,0,82,2
2020-05-23,99,0,13,0,4,0,82,0
2020-05-24,100,1,13,0,5,1,82,0
2020-05-25,107,7,13,0,5,0,89,7
2020-05-26,118,11,17,4,6,1,95,6
2020-05-27,119,1,21,4,6,0,92,-3
2020-05-28,128,9,21,0,7,1,100,8
2020-05-29,139,11,21,0,7,0,111,11
2020-05-30,146,7,27,6,7,0,112,1
2020-05-31,153,7,27,0,10,3,116,4
2020-06-01,160,7,29,2,13,3,118,2
2020-06-02,174,14,29,0,14,1,131,13
2020-06-03,176,2,30,1,15,1,131,0
2020-06-04,177,1,30,0,17,2,130,-1
2020-06-05,178,1,30,0,17,0,131,1
2020-06-06,185,7,33,3,17,0,135,4
2020-06-07,186,1,33,0,17,0,136,1
2020-06-08,186,0,33,0,17,0,136,0
2020-06-09,214,28,33,0,17,0,164,28
2020-06-10,227,13,37,4,17,0,173,9
2020-06-11,262,35,39,2,22,5,201,28
2020-06-12,284,22,40,1,22,0,222,21
2020-06-13,301,17,40,0,22,0,239,17
2020-06-14,309,8,48,8,22,0,239,0
2020-06-15,311,2,48,0,22,0,241,2
2020-06-16,314,3,48,0,22,0,244,3
2020-06-17,321,7,48,0,22,0,251,7
2020-06-18,342,21,49,1,22,0,271,20
2020-06-19,382,40,51,2,23,1,308,37
2020-06-20,399,17,56,5,23,0,320,12
2020-06-21,410,11,56,0,23,0,331,11
2020-06-22,430,20,70,14,25,2,335,4
2020-06-23,463,33,82,12,26,1,355,20
2020-06-24,559,96,88,6,26,0,445,90
2020-06-25,636,77,89,1,29,3,518,73
2020-06-26,670,34,97,8,31,2,542,24
2020-06-27,707,37,99,2,31,0,577,35
2020-06-28,718,11,103,4,31,0,584,7
2020-06-29,718,0,103,0,31,0,584,0
2020-06-30,727,9,105,2,31,0,591,7
2020-07-01,869,142,112,7,31,0,726,135
2020-07-02,937,68,117,5,31,0,789,63
2020-07-03,947,10,119,2,32,1,796,7
2020-07-04,950,3,123,4,32,0,795,-1
2020-07-05,950,0,123,0,32,0,795,0
2020-07-06,950,0,123,0,32,0,795,0
2020-07-07,964,14,124,1,32,0,808,13
2020-07-08,1034,70,128,4,32,0,874,66
2020-07-09,1085,51,130,2,34,2,921,47
2020-07-10,1109,24,131,1,34,0,944,23
2020-07-11,1132,23,131,0,34,0,967,23
2020-07-12,1140,8,132,1,38,4,970,3
2020-07-13,1153,13,136,4,39,1,978,8
2020-07-14,1155,2,141,5,39,0,975,-3
2020-07-15,1194,39,144,3,39,0,1011,36
2020-07-16,1221,27,148,4,39,0,1034,23
2020-07-17,1232,11,153,5,39,0,1040,6
