date,total_confirmed,confirmed,total_recover,recover,total_death,death,total_active,active
2020-03-01,0,0,0,0,0,0,0,0
2020-03-02,0,0,0,0,0,0,0,0
2020-03-03,0,0,0,0,0,0,0,0
2020-03-04,0,0,0,0,0,0,0,0
2020-03-05,0,0,0,0,0,0,0,0
2020-03-06,0,0,0,0,0,0,0,0
2020-03-07,0,0,0,0,0,0,0,0
2020-03-08,0,0,0,0,0,0,0,0
2020-03-09,0,0,0,0,0,0,0,0
2020-03-10,0,0,0,0,0,0,0,0
2020-03-11,0,0,0,0,0,0,0,0
2020-03-12,0,0,0,0,0,0,0,0
2020-03-13,0,0,0,0,0,0,0,0
2020-03-14,0,0,0,0,0,0,0,0
2020-03-15,0,0,0,0,0,0,0,0
2020-03-16,0,0,0,0,0,0,0,0
2020-03-17,0,0,0,0,0,0,0,0
2020-03-18,0,0,0,0,0,0,0,0
2020-03-19,0,0,0,0,0,0,0,0
2020-03-20,0,0,0,0,0,0,0,0
2020-03-21,0,0,0,0,0,0,0,0
2020-03-22,2,2,0,0,0,0,2,2
2020-03-23,2,0,0,0,0,0,2,0
2020-03-24,2,0,0,0,0,0,2,0
2020-03-25,2,0,0,0,0,0,2,0
2020-03-26,6,4,0,0,0,0,6,4
2020-03-27,6,0,0,0,0,0,6,0
2020-03-28,6,0,0,0,0,0,6,0
2020-03-29,8,2,0,0,0,0,8,2
2020-03-30,8,0,0,0,0,0,8,0
2020-03-31,9,1,1,1,0,0,8,0
2020-04-01,9,0,2,1,0,0,7,-1
2020-04-02,9,0,3,1,0,0,6,-1
2020-04-03,15,6,3,0,1,1,11,5
2020-04-04,17,2,4,1,1,0,12,1
2020-04-05,25,8,4,0,1,0,20,8
2020-04-06,25,0,4,0,2,1,19,-1
2020-04-07,25,0,4,0,3,1,18,-1
2020-04-08,36,11,4,0,3,0,29,11
2020-04-09,36,0,4,0,3,0,29,0
2020-04-10,36,0,5,1,4,1,27,-2
2020-04-11,60,24,7,2,4,0,49,22
2020-04-12,61,1,9,2,4,0,48,-1
2020-04-13,67,6,9,0,4,0,54,6
2020-04-14,67,0,9,0,4,0,54,0
2020-04-15,74,7,9,0,4,0,61,7
2020-04-16,79,5,14,5,6,2,59,-2
2020-04-17,88,9,14,0,6,0,68,9
2020-04-18,94,6,14,0,6,0,74,6
2020-04-19,106,12,14,0,6,0,86,12
2020-04-20,106,0,28,14,6,0,72,-14
2020-04-21,117,11,32,4,6,0,79,7
2020-04-22,122,5,32,0,6,0,84,5
2020-04-23,129,7,32,0,6,0,91,7
2020-04-24,135,6,32,0,6,0,97,6
2020-04-25,135,0,32,0,6,0,97,0
2020-04-26,140,5,32,0,6,0,102,5
2020-04-27,150,10,32,0,6,0,112,10
2020-04-28,176,26,47,15,6,0,123,11
2020-04-29,188,12,47,0,6,0,135,12
2020-04-30,204,16,47,0,6,0,151,16
2020-05-01,209,5,48,1,6,0,155,4
2020-05-02,238,29,48,0,6,0,184,29
2020-05-03,238,0,48,0,6,0,184,0
2020-05-04,238,0,48,0,6,0,184,0
2020-05-05,244,6,48,0,6,0,190,6
2020-05-06,245,1,48,0,6,0,191,1
2020-05-07,249,4,48,0,6,0,195,4
2020-05-08,262,13,48,0,6,0,208,13
2020-05-09,274,12,48,0,6,0,220,12
2020-05-10,304,30,48,0,6,0,250,30
2020-05-11,304,0,48,0,6,0,250,0
2020-05-12,320,16,48,0,6,0,266,16
2020-05-13,325,5,48,0,6,0,271,5
2020-05-14,329,4,48,0,6,0,275,4
2020-05-15,332,3,48,0,6,0,278,3
2020-05-16,347,15,48,0,6,0,293,15
2020-05-17,380,33,48,0,6,0,326,33
2020-05-18,380,0,48,0,6,0,326,0
2020-05-19,386,6,48,0,6,0,332,6
2020-05-20,406,20,48,0,6,0,352,20
2020-05-21,407,1,48,0,6,0,353,1
2020-05-22,434,27,48,0,6,0,380,27
2020-05-23,490,56,48,0,6,0,436,56
2020-05-24,552,62,48,0,6,0,498,62
2020-05-25,561,9,68,20,6,0,487,-11
2020-05-26,561,0,68,0,6,0,487,0
2020-05-27,575,14,68,0,6,0,501,14
2020-05-28,579,4,68,0,6,0,505,4
2020-05-29,635,56,68,0,6,0,561,56
2020-05-30,653,18,68,0,6,0,579,18
2020-05-31,670,17,68,0,6,0,596,17
2020-06-01,711,41,68,0,6,0,637,41
2020-06-02,810,99,78,10,7,1,725,88
2020-06-03,856,46,78,0,7,0,771,46
2020-06-04,873,17,78,0,7,0,788,17
2020-06-05,915,42,78,0,7,0,830,42
2020-06-06,1001,86,78,0,7,0,916,86
2020-06-07,1055,54,78,0,7,0,970,54
2020-06-08,1077,22,78,0,7,0,992,22
2020-06-09,1094,17,78,0,7,0,1009,17
2020-06-10,1122,28,78,0,7,0,1037,28
2020-06-11,1141,19,78,0,7,0,1056,19
2020-06-12,1172,31,78,0,7,0,1087,31
2020-06-13,1214,42,78,0,7,0,1129,42
2020-06-14,1226,12,128,50,7,0,1091,-38
2020-06-15,1226,0,191,63,7,0,1028,-63
2020-06-16,1255,29,294,103,7,0,954,-74
2020-06-17,1284,29,297,3,7,0,980,26
2020-06-18,1322,38,297,0,7,0,1018,38
2020-06-19,1340,18,297,0,7,0,1036,18
2020-06-20,1352,12,297,0,7,0,1048,12
2020-06-21,1401,49,297,0,7,0,1097,49
2020-06-22,1412,11,297,0,7,0,1108,11
2020-06-23,1461,49,297,0,7,0,1157,49
2020-06-24,1516,55,297,0,7,0,1212,55
2020-06-25,1572,56,297,0,7,0,1268,56
2020-06-26,1589,17,297,0,7,0,1285,17
2020-06-27,1624,35,297,0,7,0,1320,35
2020-06-28,1649,25,632,335,7,0,1010,-310
2020-06-29,1651,2,737,105,7,0,907,-103
2020-06-30,1713,62,856,119,15,8,842,-65
2020-07-01,1807,94,870,14,15,0,922,80
2020-07-02,1877,70,870,0,16,1,991,69
2020-07-03,1900,23,880,10,16,0,1004,13
2020-07-04,1938,38,880,0,16,0,1042,38
2020-07-05,1974,36,880,0,16,0,1078,36
2020-07-06,1981,7,928,48,18,2,1035,-43
2020-07-07,2011,30,963,35,19,1,1029,-6
2020-07-08,2029,18,986,23,20,1,1023,-6
2020-07-09,2057,28,1043,57,20,0,994,-29
2020-07-10,2142,85,1059,16,20,0,1063,69
2020-07-11,2170,28,1078,19,20,0,1072,9
2020-07-12,2237,67,1085,7,22,2,1130,58
2020-07-13,2338,101,1094,9,22,0,1222,92
2020-07-14,2339,1,1096,2,22,0,1221,-1
2020-07-15,2407,68,1155,59,25,3,1227,6
2020-07-16,2462,55,1164,9,26,1,1272,45
2020-07-17,2483,21,1199,35,26,0,1258,-14
2020-07-18,2541,58,1210,11,26,0,1305,47
2020-07-19,2591,50,1223,13,27,1,1341,36
2020-07-20,2632,41,1233,10,27,0,1372,31
2020-07-21,2641,9,1240,7,30,3,1371,-1
2020-07-22,2673,32,1253,13,30,0,1390,19
2020-07-23,2719,46,1257,4,30,0,1432,42
2020-07-24,2787,68,1259,2,30,0,1498,66
2020-07-25,2829,42,1311,52,32,2,1486,-12
2020-07-26,2886,57,1319,8,32,0,1535,49
2020-07-27,2942,56,1335,16,32,0,1575,40
2020-07-28,2961,19,1344,9,32,0,1585,10
2020-07-29,0,0,0,0,0,0,0,0
