date,total_confirmed,confirmed,total_recover,recover,total_death,death,total_active,active
2020-03-01,0,0,0,0,0,0,0,0
2020-03-28,3,3,0,0,0,0,3,3
2020-04-11,20,17,7,7,1,1,12,9
2020-04-25,96,76,9,2,5,4,82,70
2020-05-09,185,89,30,21,10,5,145,63
2020-05-23,287,102,92,62,14,4,181,36
2020-06-06,491,204,150,58,25,11,316,135
2020-06-20,760,269,254,104,45,20,461,145
2020-07-04,1000,240,419,165,60,15,521,60
2020-07-15,1266,262,574,89,70,10,622,101
