provinsi,tanggal,AKUMULASI_KASUS,KASUS,AKUMULASI_SEMBUH,SEMBUH,AKUMULASI_MENINGGAL,MENINGGAL,AKUMULASI_DIRAWAT_OR_ISOLASI,DIRAWAT_OR_ISOLASI
BANTEN,2020-03-01,0,0,0,0,0,0,0,0
BANTEN,2020-03-02,0,0,0,0,0,0,0,0
BANTEN,2020-03-03,0,0,0,0,0,0,0,0
BANTEN,2020-03-04,0,0,0,0,0,0,0,0
BANTEN,2020-03-05,0,0,0,0,0,0,0,0
BANTEN,2020-03-06,1,1,0,0,0,0,1,1
BANTEN,2020-03-07,1,0,0,0,0,0,1,0
BANTEN,2020-03-08,2,1,0,0,0,0,2,1
BANTEN,2020-03-09,2,0,0,0,0,0,2,0
BANTEN,2020-03-10,2,0,0,0,0,0,2,0
BANTEN,2020-03-11,2,0,0,0,0,0,2,0
BANTEN,2020-03-12,2,0,0,0,1,1,1,-1
BANTEN,2020-03-13,3,1,0,0,1,0,2,1
BANTEN,2020-03-14,4,1,0,0,1,0,3,1
BANTEN,2020-03-15,5,1,0,0,1,0,4,1
BANTEN,2020-03-16,6,1,0,0,1,0,5,1
BANTEN,2020-03-17,6,0,0,0,2,1,4,-1
BANTEN,2020-03-18,6,0,0,0,2,0,4,0
BANTEN,2020-03-19,6,0,0,0,3,1,3,-1
BANTEN,2020-03-20,6,0,0,0,4,1,2,-1
BANTEN,2020-03-21,6,0,0,0,4,0,2,0
BANTEN,2020-03-22,6,0,0,0,4,0,2,0
BANTEN,2020-03-23,6,0,0,0,4,0,2,0
BANTEN,2020-03-24,6,0,1,1,4,0,1,-1
BANTEN,2020-03-25,6,0,1,0,4,0,1,0
BANTEN,2020-03-26,6,0,2,1,4,0,0,-1
BANTEN,2020-03-27,31,25,2,0,4,0,25,25
BANTEN,2020-03-28,41,10,3,1,4,0,34,9
BANTEN,2020-03-29,43,2,3,0,6,2,34,0
BANTEN,2020-03-30,65,22,3,0,6,0,56,22
BANTEN,2020-03-31,79,14,3,0,14,8,62,6
BANTEN,2020-04-01,91,12,8,5,14,0,69,7
BANTEN,2020-04-02,97,6,8,0,15,1,74,5
BANTEN,2020-04-03,101,4,8,0,18,3,75,1
BANTEN,2020-04-04,104,3,8,0,18,0,78,3
BANTEN,2020-04-05,108,4,8,0,18,0,82,4
BANTEN,2020-04-06,117,9,9,1,19,1,89,7
BANTEN,2020-04-07,123,6,9,0,20,1,94,5
BANTEN,2020-04-08,142,19,9,0,20,0,113,19
BANTEN,2020-04-09,145,3,9,0,22,2,114,1
BANTEN,2020-04-10,166,21,9,0,23,1,134,20
BANTEN,2020-04-11,197,31,10,1,23,0,164,30
BANTEN,2020-04-12,199,2,11,1,23,0,165,1
BANTEN,2020-04-13,202,3,11,0,24,1,167,2
BANTEN,2020-04-14,207,5,11,0,24,0,172,5
BANTEN,2020-04-15,207,0,12,1,26,2,169,-3
BANTEN,2020-04-16,222,15,12,0,32,6,178,9
BANTEN,2020-04-17,230,8,12,0,34,2,184,6
BANTEN,2020-04-18,241,11,12,0,34,0,195,11
BANTEN,2020-04-19,244,3,12,0,34,0,198,3
BANTEN,2020-04-20,273,29,18,6,34,0,221,23
BANTEN,2020-04-21,273,0,18,0,34,0,221,0
BANTEN,2020-04-22,274,1,29,11,34,0,211,-10
BANTEN,2020-04-23,277,3,29,0,34,0,214,3
BANTEN,2020-04-24,300,23,33,4,38,4,229,15
BANTEN,2020-04-25,311,11,33,0,38,0,240,11
BANTEN,2020-04-26,311,0,33,0,38,0,240,0
BANTEN,2020-04-27,323,12,33,0,39,1,251,11
BANTEN,2020-04-28,329,6,33,0,40,1,256,5
BANTEN,2020-04-29,329,0,33,0,40,0,256,0
BANTEN,2020-04-30,345,16,34,1,40,0,271,15
BANTEN,2020-05-01,359,14,34,0,40,0,285,14
BANTEN,2020-05-02,368,9,34,0,40,0,294,9
BANTEN,2020-05-03,373,5,34,0,40,0,299,5
BANTEN,2020-05-04,387,14,34,0,40,0,313,14
BANTEN,2020-05-05,397,10,117,83,40,0,240,-73
BANTEN,2020-05-06,426,29,122,5,40,0,264,24
BANTEN,2020-05-07,426,0,122,0,55,15,249,-15
BANTEN,2020-05-08,446,20,122,0,55,0,269,20
BANTEN,2020-05-09,465,19,122,0,55,0,288,19
BANTEN,2020-05-10,475,10,122,0,55,0,298,10
BANTEN,2020-05-11,483,8,146,24,55,0,282,-16
BANTEN,2020-05-12,501,18,153,7,55,0,293,11
BANTEN,2020-05-13,521,20,157,4,56,1,308,15
BANTEN,2020-05-14,535,14,158,1,56,0,321,13
BANTEN,2020-05-15,563,28,158,0,59,3,346,25
BANTEN,2020-05-16,563,0,158,0,60,1,345,-1
BANTEN,2020-05-17,587,24,159,1,60,0,368,23
BANTEN,2020-05-18,618,31,162,3,61,1,395,27
BANTEN,2020-05-19,639,21,162,0,61,0,416,21
BANTEN,2020-05-20,640,1,162,0,61,0,417,1
BANTEN,2020-05-21,694,54,171,9,64,3,459,42
BANTEN,2020-05-22,709,15,172,1,65,1,472,13
BANTEN,2020-05-23,709,0,172,0,65,0,472,0
BANTEN,2020-05-24,730,21,176,4,65,0,489,17
BANTEN,2020-05-25,730,0,176,0,65,0,489,0
BANTEN,2020-05-26,748,18,178,2,65,0,505,16
BANTEN,2020-05-27,758,10,181,3,65,0,512,7
BANTEN,2020-05-28,772,14,205,24,65,0,502,-10
BANTEN,2020-05-29,785,13,217,12,68,3,500,-2
BANTEN,2020-05-30,799,14,244,27,68,0,487,-13
BANTEN,2020-05-31,802,3,244,0,68,0,490,3
BANTEN,2020-06-01,809,7,252,8,68,0,489,-1
BANTEN,2020-06-02,823,14,273,21,68,0,482,-7
BANTEN,2020-06-03,894,71,273,0,68,0,553,71
BANTEN,2020-06-04,904,10,279,6,68,0,557,4
BANTEN,2020-06-05,928,24,324,45,69,1,535,-22
BANTEN,2020-06-06,964,36,365,41,70,1,529,-6
BANTEN,2020-06-07,974,10,370,5,70,0,534,5
BANTEN,2020-06-08,985,11,372,2,70,0,543,9
BANTEN,2020-06-09,1001,16,391,19,71,1,539,-4
BANTEN,2020-06-10,1035,34,401,10,72,1,562,23
BANTEN,2020-06-11,1060,25,411,10,74,2,575,13
BANTEN,2020-06-12,1095,35,417,6,75,1,603,28
BANTEN,2020-06-13,1169,74,418,1,78,3,673,70
BANTEN,2020-06-14,1178,9,440,22,78,0,660,-13
BANTEN,2020-06-15,1182,4,460,20,78,0,644,-16
BANTEN,2020-06-16,1219,37,485,25,78,0,656,12
BANTEN,2020-06-17,1250,31,508,23,78,0,664,8
BANTEN,2020-06-18,1267,17,535,27,78,0,654,-10
BANTEN,2020-06-19,1272,5,538,3,78,0,656,2
BANTEN,2020-06-20,1288,16,569,31,78,0,641,-15
BANTEN,2020-06-21,1297,9,570,1,78,0,649,8
BANTEN,2020-06-22,1305,8,570,0,78,0,657,8
BANTEN,2020-06-23,1315,10,583,13,78,0,654,-3
BANTEN,2020-06-24,1335,20,590,7,78,0,667,13
BANTEN,2020-06-25,1351,16,590,0,78,0,683,16
BANTEN,2020-06-26,1363,12,603,13,78,0,682,-1
BANTEN,2020-06-27,1383,20,611,8,78,0,694,12
BANTEN,2020-06-28,1386,3,628,17,78,0,680,-14
BANTEN,2020-06-29,1388,2,635,7,78,0,675,-5
BANTEN,2020-06-30,1397,9,639,4,78,0,680,5
BANTEN,2020-07-01,1408,11,660,21,78,0,670,-10
BANTEN,2020-07-02,0,0,0,0,0,0,0,0
