provinsi,tanggal,AKUMULASI_KASUS,KASUS,AKUMULASI_SEMBUH,SEMBUH,AKUMULASI_MENINGGAL,MENINGGAL,AKUMULASI_DIRAWAT_OR_ISOLASI,DIRAWAT_OR_ISOLASI
DAERAH ISTIMEWA YOGYAKARTA,2020-03-01,0,0,0,0,0,0,0,0
DAERAH ISTIMEWA YOGYAKARTA,2020-03-02,0,0,0,0,0,0,0,0
DAERAH ISTIMEWA YOGYAKARTA,2020-03-03,0,0,0,0,0,0,0,0
DAERAH ISTIMEWA YOGYAKARTA,2020-03-04,0,0,0,0,0,0,0,0
DAERAH ISTIMEWA YOGYAKARTA,2020-03-05,0,0,0,0,0,0,0,0
DAERAH ISTIMEWA YOGYAKARTA,2020-03-06,0,0,0,0,0,0,0,0
DAERAH ISTIMEWA YOGYAKARTA,2020-03-07,0,0,0,0,0,0,0,0
DAERAH ISTIMEWA YOGYAKARTA,2020-03-08,0,0,0,0,0,0,0,0
DAERAH ISTIMEWA YOGYAKARTA,2020-03-09,0,0,0,0,0,0,0,0
DAERAH ISTIMEWA YOGYAKARTA,2020-03-10,0,0,0,0,0,0,0,0
DAERAH ISTIMEWA YOGYAKARTA,2020-03-11,0,0,0,0,0,0,0,0
DAERAH ISTIMEWA YOGYAKARTA,2020-03-12,0,0,0,0,0,0,0,0
DAERAH ISTIMEWA YOGYAKARTA,2020-03-13,0,0,0,0,0,0,0,0
DAERAH ISTIMEWA YOGYAKARTA,2020-03-14,0,0,0,0,0,0,0,0
DAERAH ISTIMEWA YOGYAKARTA,2020-03-15,0,0,0,0,0,0,0,0
DAERAH ISTIMEWA YOGYAKARTA,2020-03-16,1,1,0,0,0,0,1,1
DAERAH ISTIMEWA YOGYAKARTA,2020-03-17,1,0,0,0,0,0,1,0
DAERAH ISTIMEWA YOGYAKARTA,2020-03-18,1,0,0,0,0,0,1,0
DAERAH ISTIMEWA YOGYAKARTA,2020-03-19,1,0,0,0,0,0,1,0
DAERAH ISTIMEWA YOGYAKARTA,2020-03-20,1,0,1,1,0,0,0,-1
DAERAH ISTIMEWA YOGYAKARTA,2020-03-21,1,0,1,0,0,0,0,0
DAERAH ISTIMEWA YOGYAKARTA,2020-03-22,1,0,1,0,0,0,0,0
DAERAH ISTIMEWA YOGYAKARTA,2020-03-23,1,0,1,0,1,1,-1,-1
DAERAH ISTIMEWA YOGYAKARTA,2020-03-24,1,0,1,0,1,0,-1,0
DAERAH ISTIMEWA YOGYAKARTA,2020-03-25,1,0,1,0,2,1,-2,-1
DAERAH ISTIMEWA YOGYAKARTA,2020-03-26,1,0,1,0,2,0,-2,0
DAERAH ISTIMEWA YOGYAKARTA,2020-03-27,2,1,1,0,2,0,-1,1
DAERAH ISTIMEWA YOGYAKARTA,2020-03-28,2,0,1,0,2,0,-1,0
DAERAH ISTIMEWA YOGYAKARTA,2020-03-29,2,0,1,0,2,0,-1,0
DAERAH ISTIMEWA YOGYAKARTA,2020-03-30,3,1,2,1,2,0,-1,0
DAERAH ISTIMEWA YOGYAKARTA,2020-03-31,8,5,2,0,2,0,4,5
DAERAH ISTIMEWA YOGYAKARTA,2020-04-01,13,5,3,1,2,0,8,4
DAERAH ISTIMEWA YOGYAKARTA,2020-04-02,13,0,3,0,3,1,7,-1
DAERAH ISTIMEWA YOGYAKARTA,2020-04-03,13,0,3,0,3,0,7,0
DAERAH ISTIMEWA YOGYAKARTA,2020-04-04,18,5,3,0,3,0,12,5
DAERAH ISTIMEWA YOGYAKARTA,2020-04-05,19,1,3,0,3,0,13,1
DAERAH ISTIMEWA YOGYAKARTA,2020-04-06,22,3,4,1,3,0,15,2
DAERAH ISTIMEWA YOGYAKARTA,2020-04-07,23,1,4,0,3,0,16,1
DAERAH ISTIMEWA YOGYAKARTA,2020-04-08,23,0,7,3,6,3,10,-6
DAERAH ISTIMEWA YOGYAKARTA,2020-04-09,25,2,10,3,6,0,9,-1
DAERAH ISTIMEWA YOGYAKARTA,2020-04-10,25,0,13,3,6,0,6,-3
DAERAH ISTIMEWA YOGYAKARTA,2020-04-11,25,0,13,0,6,0,6,0
DAERAH ISTIMEWA YOGYAKARTA,2020-04-12,25,0,18,5,6,0,1,-5
DAERAH ISTIMEWA YOGYAKARTA,2020-04-13,41,16,18,0,6,0,17,16
DAERAH ISTIMEWA YOGYAKARTA,2020-04-14,46,5,22,4,6,0,18,1
DAERAH ISTIMEWA YOGYAKARTA,2020-04-15,47,1,22,0,6,0,19,1
DAERAH ISTIMEWA YOGYAKARTA,2020-04-16,48,1,22,0,6,0,20,1
DAERAH ISTIMEWA YOGYAKARTA,2020-04-17,49,1,25,3,7,1,17,-3
DAERAH ISTIMEWA YOGYAKARTA,2020-04-18,52,3,27,2,7,0,18,1
DAERAH ISTIMEWA YOGYAKARTA,2020-04-19,52,0,28,1,7,0,17,-1
DAERAH ISTIMEWA YOGYAKARTA,2020-04-20,54,2,28,0,7,0,19,2
DAERAH ISTIMEWA YOGYAKARTA,2020-04-21,57,3,31,3,7,0,19,0
DAERAH ISTIMEWA YOGYAKARTA,2020-04-22,60,3,36,5,7,0,17,-2
DAERAH ISTIMEWA YOGYAKARTA,2020-04-23,61,1,37,1,7,0,17,0
DAERAH ISTIMEWA YOGYAKARTA,2020-04-24,62,1,37,0,7,0,18,1
DAERAH ISTIMEWA YOGYAKARTA,2020-04-25,64,2,37,0,7,0,20,2
DAERAH ISTIMEWA YOGYAKARTA,2020-04-26,67,3,37,0,7,0,23,3
DAERAH ISTIMEWA YOGYAKARTA,2020-04-27,68,1,39,2,7,0,22,-1
DAERAH ISTIMEWA YOGYAKARTA,2020-04-28,78,10,40,1,7,0,31,9
DAERAH ISTIMEWA YOGYAKARTA,2020-04-29,79,1,43,3,7,0,29,-2
DAERAH ISTIMEWA YOGYAKARTA,2020-04-30,80,1,43,0,7,0,30,1
DAERAH ISTIMEWA YOGYAKARTA,2020-05-01,89,9,48,5,7,0,34,4
DAERAH ISTIMEWA YOGYAKARTA,2020-05-02,99,10,48,0,7,0,44,10
DAERAH ISTIMEWA YOGYAKARTA,2020-05-03,100,1,48,0,7,0,45,1
DAERAH ISTIMEWA YOGYAKARTA,2020-05-04,100,0,52,4,7,0,41,-4
DAERAH ISTIMEWA YOGYAKARTA,2020-05-05,106,6,53,1,7,0,46,5
DAERAH ISTIMEWA YOGYAKARTA,2020-05-06,107,1,58,5,7,0,42,-4
DAERAH ISTIMEWA YOGYAKARTA,2020-05-07,122,15,59,1,7,0,56,14
DAERAH ISTIMEWA YOGYAKARTA,2020-05-08,128,6,59,0,7,0,62,6
DAERAH ISTIMEWA YOGYAKARTA,2020-05-09,131,3,61,2,7,0,63,1
DAERAH ISTIMEWA YOGYAKARTA,2020-05-10,138,7,61,0,7,0,70,7
DAERAH ISTIMEWA YOGYAKARTA,2020-05-11,144,6,67,6,8,1,69,-1
DAERAH ISTIMEWA YOGYAKARTA,2020-05-12,154,10,67,0,8,0,79,10
DAERAH ISTIMEWA YOGYAKARTA,2020-05-13,166,12,68,1,8,0,90,11
DAERAH ISTIMEWA YOGYAKARTA,2020-05-14,170,4,75,7,8,0,87,-3
DAERAH ISTIMEWA YOGYAKARTA,2020-05-15,173,3,87,12,8,0,78,-9
DAERAH ISTIMEWA YOGYAKARTA,2020-05-16,179,6,88,1,8,0,83,5
DAERAH ISTIMEWA YOGYAKARTA,2020-05-17,184,5,91,3,8,0,85,2
DAERAH ISTIMEWA YOGYAKARTA,2020-05-18,185,1,94,3,8,0,83,-2
DAERAH ISTIMEWA YOGYAKARTA,2020-05-19,192,7,106,12,8,0,78,-5
DAERAH ISTIMEWA YOGYAKARTA,2020-05-20,194,2,114,8,8,0,72,-6
DAERAH ISTIMEWA YOGYAKARTA,2020-05-21,200,6,121,7,8,0,71,-1
DAERAH ISTIMEWA YOGYAKARTA,2020-05-22,205,5,123,2,8,0,74,3
DAERAH ISTIMEWA YOGYAKARTA,2020-05-23,210,5,129,6,8,0,73,-1
DAERAH ISTIMEWA YOGYAKARTA,2020-05-24,211,1,133,4,8,0,70,-3
DAERAH ISTIMEWA YOGYAKARTA,2020-05-25,211,0,134,1,8,0,69,-1
DAERAH ISTIMEWA YOGYAKARTA,2020-05-26,211,0,138,4,8,0,65,-4
DAERAH ISTIMEWA YOGYAKARTA,2020-05-27,213,2,147,9,8,0,58,-7
DAERAH ISTIMEWA YOGYAKARTA,2020-05-28,213,0,155,8,8,0,50,-8
DAERAH ISTIMEWA YOGYAKARTA,2020-05-29,215,2,161,6,8,0,46,-4
DAERAH ISTIMEWA YOGYAKARTA,2020-05-30,218,3,162,1,8,0,48,2
DAERAH ISTIMEWA YOGYAKARTA,2020-05-31,221,3,169,7,8,0,44,-4
DAERAH ISTIMEWA YOGYAKARTA,2020-06-01,222,1,169,0,8,0,45,1
DAERAH ISTIMEWA YOGYAKARTA,2020-06-02,222,0,170,1,8,0,44,-1
DAERAH ISTIMEWA YOGYAKARTA,2020-06-03,222,0,171,1,8,0,43,-1
DAERAH ISTIMEWA YOGYAKARTA,2020-06-04,222,0,174,3,8,0,40,-3
DAERAH ISTIMEWA YOGYAKARTA,2020-06-05,223,1,180,6,8,0,35,-5
DAERAH ISTIMEWA YOGYAKARTA,2020-06-06,227,4,185,5,8,0,34,-1
DAERAH ISTIMEWA YOGYAKARTA,2020-06-07,229,2,187,2,8,0,34,0
DAERAH ISTIMEWA YOGYAKARTA,2020-06-08,232,3,194,7,8,0,30,-4
DAERAH ISTIMEWA YOGYAKARTA,2020-06-09,234,2,194,0,8,0,32,2
DAERAH ISTIMEWA YOGYAKARTA,2020-06-10,235,1,195,1,8,0,32,0
DAERAH ISTIMEWA YOGYAKARTA,2020-06-11,237,2,200,5,8,0,29,-3
DAERAH ISTIMEWA YOGYAKARTA,2020-06-12,247,10,205,5,8,0,34,5
DAERAH ISTIMEWA YOGYAKARTA,2020-06-13,249,2,211,6,8,0,30,-4
DAERAH ISTIMEWA YOGYAKARTA,2020-06-14,254,5,212,1,8,0,34,4
DAERAH ISTIMEWA YOGYAKARTA,2020-06-15,257,3,214,2,8,0,35,1
DAERAH ISTIMEWA YOGYAKARTA,2020-06-16,258,1,218,4,8,0,32,-3
DAERAH ISTIMEWA YOGYAKARTA,2020-06-17,261,3,220,2,8,0,33,1
DAERAH ISTIMEWA YOGYAKARTA,2020-06-18,261,0,227,7,8,0,26,-7
DAERAH ISTIMEWA YOGYAKARTA,2020-06-19,262,1,231,4,8,0,23,-3
DAERAH ISTIMEWA YOGYAKARTA,2020-06-20,270,8,231,0,8,0,31,8
DAERAH ISTIMEWA YOGYAKARTA,2020-06-21,273,3,238,7,8,0,27,-4
DAERAH ISTIMEWA YOGYAKARTA,2020-06-22,273,0,238,0,8,0,27,0
DAERAH ISTIMEWA YOGYAKARTA,2020-06-23,276,3,243,5,8,0,25,-2
DAERAH ISTIMEWA YOGYAKARTA,2020-06-24,277,1,251,8,8,0,18,-7
DAERAH ISTIMEWA YOGYAKARTA,2020-06-25,284,7,252,1,8,0,24,6
DAERAH ISTIMEWA YOGYAKARTA,2020-06-26,287,3,252,0,8,0,27,3
DAERAH ISTIMEWA YOGYAKARTA,2020-06-27,0,0,0,0,0,0,0,0
