provinsi,tanggal,AKUMULASI_KASUS,KASUS,AKUMULASI_SEMBUH,SEMBUH,AKUMULASI_MENINGGAL,MENINGGAL,AKUMULASI_DIRAWAT_OR_ISOLASI,DIRAWAT_OR_ISOLASI
JAWA TIMUR,2020-03-01,0,0,0,0,0,0,0,0
JAWA TIMUR,2020-03-02,0,0,0,0,0,0,0,0
JAWA TIMUR,2020-03-03,0,0,0,0,0,0,0,0
JAWA TIMUR,2020-03-04,0,0,0,0,0,0,0,0
JAWA TIMUR,2020-03-05,0,0,0,0,0,0,0,0
JAWA TIMUR,2020-03-06,0,0,0,0,0,0,0,0
JAWA TIMUR,2020-03-07,0,0,0,0,0,0,0,0
JAWA TIMUR,2020-03-08,0,0,0,0,0,0,0,0
JAWA TIMUR,2020-03-09,0,0,0,0,0,0,0,0
JAWA TIMUR,2020-03-10,0,0,0,0,0,0,0,0
JAWA TIMUR,2020-03-11,0,0,0,0,0,0,0,0
JAWA TIMUR,2020-03-12,0,0,0,0,0,0,0,0
JAWA TIMUR,2020-03-13,0,0,0,0,0,0,0,0
JAWA TIMUR,2020-03-14,0,0,0,0,0,0,0,0
JAWA TIMUR,2020-03-15,0,0,0,0,0,0,0,0
JAWA TIMUR,2020-03-16,0,0,0,0,0,0,0,0
JAWA TIMUR,2020-03-17,0,0,0,0,0,0,0,0
JAWA TIMUR,2020-03-18,2,2,0,0,0,0,2,2
JAWA TIMUR,2020-03-19,2,0,1,1,0,0,1,-1
JAWA TIMUR,2020-03-20,2,0,1,0,0,0,1,0
JAWA TIMUR,2020-03-21,2,0,1,0,0,0,1,0
JAWA TIMUR,2020-03-22,2,0,1,0,0,0,1,0
JAWA TIMUR,2020-03-23,2,0,1,0,0,0,1,0
JAWA TIMUR,2020-03-24,2,0,1,0,1,1,0,-1
JAWA TIMUR,2020-03-25,2,0,3,2,3,2,-4,-4
JAWA TIMUR,2020-03-26,10,8,5,2,3,0,2,6
JAWA TIMUR,2020-03-27,17,7,5,0,3,0,9,7
JAWA TIMUR,2020-03-28,28,11,5,0,3,0,20,11
JAWA TIMUR,2020-03-29,40,12,5,0,6,3,29,9
JAWA TIMUR,2020-03-30,41,1,5,0,7,1,29,0
JAWA TIMUR,2020-03-31,43,2,5,0,9,2,29,0
JAWA TIMUR,2020-04-01,53,10,10,5,9,0,34,5
JAWA TIMUR,2020-04-02,53,0,12,2,10,1,31,-3
JAWA TIMUR,2020-04-03,101,48,12,0,10,0,79,48
JAWA TIMUR,2020-04-04,101,0,16,4,13,3,72,-7
JAWA TIMUR,2020-04-05,136,35,17,1,15,2,104,32
JAWA TIMUR,2020-04-06,139,3,27,10,15,0,97,-7
JAWA TIMUR,2020-04-07,144,5,28,1,15,0,101,4
JAWA TIMUR,2020-04-08,146,2,29,1,15,0,102,1
JAWA TIMUR,2020-04-09,173,27,36,7,17,2,120,18
JAWA TIMUR,2020-04-10,206,33,47,11,21,4,138,18
JAWA TIMUR,2020-04-11,217,11,49,2,24,3,144,6
JAWA TIMUR,2020-04-12,336,119,49,0,24,0,263,119
JAWA TIMUR,2020-04-13,388,52,53,4,26,2,309,46
JAWA TIMUR,2020-04-14,424,36,60,7,39,13,325,16
JAWA TIMUR,2020-04-15,449,25,71,11,43,4,335,10
JAWA TIMUR,2020-04-16,464,15,74,3,44,1,346,11
JAWA TIMUR,2020-04-17,472,8,82,8,45,1,345,-1
JAWA TIMUR,2020-04-18,505,33,84,2,48,3,373,28
JAWA TIMUR,2020-04-19,538,33,86,2,53,5,399,26
JAWA TIMUR,2020-04-20,538,0,88,2,56,3,394,-5
JAWA TIMUR,2020-04-21,553,15,89,1,57,1,407,13
JAWA TIMUR,2020-04-22,587,34,89,0,57,0,441,34
JAWA TIMUR,2020-04-23,612,25,100,11,59,2,453,12
JAWA TIMUR,2020-04-24,640,28,116,16,66,7,458,5
JAWA TIMUR,2020-04-25,717,77,121,5,74,8,522,64
JAWA TIMUR,2020-04-26,734,17,126,5,86,12,522,0
JAWA TIMUR,2020-04-27,745,11,128,2,87,1,530,8
JAWA TIMUR,2020-04-28,806,61,132,4,89,2,585,55
JAWA TIMUR,2020-04-29,820,14,140,8,93,4,587,2
JAWA TIMUR,2020-04-30,903,83,145,5,95,2,663,76
JAWA TIMUR,2020-05-01,979,76,150,5,98,3,731,68
JAWA TIMUR,2020-05-02,985,6,153,3,105,7,727,-4
JAWA TIMUR,2020-05-03,1057,72,162,9,110,5,785,58
JAWA TIMUR,2020-05-04,1066,9,166,4,116,6,784,-1
JAWA TIMUR,2020-05-05,1108,42,168,2,116,0,824,40
JAWA TIMUR,2020-05-06,1164,56,186,18,122,6,856,32
JAWA TIMUR,2020-05-07,1209,45,194,8,132,10,883,27
JAWA TIMUR,2020-05-08,1227,18,203,9,137,5,887,4
JAWA TIMUR,2020-05-09,1362,135,215,12,140,3,1007,120
JAWA TIMUR,2020-05-10,1440,78,218,3,142,2,1080,73
JAWA TIMUR,2020-05-11,1477,37,232,14,148,6,1097,17
JAWA TIMUR,2020-05-12,1592,115,246,14,154,6,1192,95
JAWA TIMUR,2020-05-13,1708,116,262,16,162,8,1284,92
JAWA TIMUR,2020-05-14,1797,89,266,4,166,4,1365,81
JAWA TIMUR,2020-05-15,1857,60,282,16,177,11,1398,33
JAWA TIMUR,2020-05-16,2033,176,290,8,182,5,1561,163
JAWA TIMUR,2020-05-17,2087,54,300,10,193,11,1594,33
JAWA TIMUR,2020-05-18,2222,135,325,25,208,15,1689,95
JAWA TIMUR,2020-05-19,2305,83,363,38,221,13,1721,32
JAWA TIMUR,2020-05-20,2428,123,375,12,227,6,1826,105
JAWA TIMUR,2020-05-21,2919,491,391,16,240,13,2288,462
JAWA TIMUR,2020-05-22,3044,125,401,10,254,14,2389,101
JAWA TIMUR,2020-05-23,3495,451,414,13,268,14,2813,424
JAWA TIMUR,2020-05-24,3572,77,453,39,280,12,2839,26
JAWA TIMUR,2020-05-25,3803,231,477,24,289,9,3037,198
JAWA TIMUR,2020-05-26,3862,59,494,17,298,9,3070,33
JAWA TIMUR,2020-05-27,4039,177,510,16,317,19,3212,142
JAWA TIMUR,2020-05-28,4164,125,536,26,331,14,3297,85
JAWA TIMUR,2020-05-29,4332,168,558,22,342,11,3432,135
JAWA TIMUR,2020-05-30,4527,195,577,19,369,27,3581,149
JAWA TIMUR,2020-05-31,4760,233,597,20,393,24,3770,189
JAWA TIMUR,2020-06-01,4832,72,642,45,409,16,3781,11
JAWA TIMUR,2020-06-02,5048,216,687,45,415,6,3946,165
JAWA TIMUR,2020-06-03,5222,174,788,101,426,11,4008,62
JAWA TIMUR,2020-06-04,5319,97,1077,289,434,8,3808,-200
JAWA TIMUR,2020-06-05,5461,142,1195,118,444,10,3822,14
JAWA TIMUR,2020-06-06,5728,267,1348,153,461,17,3919,97
JAWA TIMUR,2020-06-07,5831,103,1396,48,481,20,3954,35
JAWA TIMUR,2020-06-08,6187,356,1486,90,500,19,4201,247
JAWA TIMUR,2020-06-09,6387,200,1570,84,512,12,4305,104
JAWA TIMUR,2020-06-10,6651,264,1668,98,527,15,4456,151
JAWA TIMUR,2020-06-11,6939,288,1780,112,551,24,4608,152
JAWA TIMUR,2020-06-12,7247,308,1852,72,573,22,4822,214
JAWA TIMUR,2020-06-13,7432,185,2102,250,587,14,4743,-79
JAWA TIMUR,2020-06-14,7633,201,2177,75,598,11,4858,115
JAWA TIMUR,2020-06-15,7901,268,2239,62,614,16,5048,190
JAWA TIMUR,2020-06-16,8148,247,2311,72,636,22,5201,153
JAWA TIMUR,2020-06-17,8386,238,2367,56,650,14,5369,168
JAWA TIMUR,2020-06-18,8775,389,2446,79,663,13,5666,297
JAWA TIMUR,2020-06-19,8912,137,2548,102,677,14,5687,21
JAWA TIMUR,2020-06-20,9290,378,2651,103,697,20,5942,255
JAWA TIMUR,2020-06-21,9381,91,2776,125,714,17,5891,-51
JAWA TIMUR,2020-06-22,9684,303,2842,66,727,13,6115,224
JAWA TIMUR,2020-06-23,9935,251,2902,60,740,13,6293,178
JAWA TIMUR,2020-06-24,10120,185,2982,80,749,9,6389,96
JAWA TIMUR,2020-06-25,10370,250,3223,241,763,14,6384,-5
JAWA TIMUR,2020-06-26,10732,362,3416,193,795,32,6521,137
JAWA TIMUR,2020-06-27,11018,286,3605,189,812,17,6601,80
JAWA TIMUR,2020-06-28,11355,337,3706,101,829,17,6820,219
JAWA TIMUR,2020-06-29,11644,289,3877,171,861,32,6906,86
JAWA TIMUR,2020-06-30,11978,334,3998,121,891,30,7089,183
JAWA TIMUR,2020-07-01,12170,192,4185,187,925,34,7060,-29
JAWA TIMUR,2020-07-02,12531,361,4377,192,947,22,7207,147
JAWA TIMUR,2020-07-03,12887,356,4626,249,968,21,7293,86
JAWA TIMUR,2020-07-04,13308,421,4726,100,995,27,7587,294
JAWA TIMUR,2020-07-05,13937,629,4880,154,1019,24,8038,451
JAWA TIMUR,2020-07-06,14272,335,4984,104,1052,33,8236,198
JAWA TIMUR,2020-07-07,0,0,0,0,0,0,0,0
