provinsi,tanggal,AKUMULASI_KASUS,KASUS,AKUMULASI_SEMBUH,SEMBUH,AKUMULASI_MENINGGAL,MENINGGAL,AKUMULASI_DIRAWAT_OR_ISOLASI,DIRAWAT_OR_ISOLASI
KALIMANTAN SELATAN,2020-03-01,0,0,0,0,0,0,0,0
KALIMANTAN SELATAN,2020-03-02,0,0,0,0,0,0,0,0
KALIMANTAN SELATAN,2020-03-03,0,0,0,0,0,0,0,0
KALIMANTAN SELATAN,2020-03-04,0,0,0,0,0,0,0,0
KALIMANTAN SELATAN,2020-03-05,0,0,0,0,0,0,0,0
KALIMANTAN SELATAN,2020-03-06,0,0,0,0,0,0,0,0
KALIMANTAN SELATAN,2020-03-07,0,0,0,0,0,0,0,0
KALIMANTAN SELATAN,2020-03-08,0,0,0,0,0,0,0,0
KALIMANTAN SELATAN,2020-03-09,0,0,0,0,0,0,0,0
KALIMANTAN SELATAN,2020-03-10,0,0,0,0,0,0,0,0
KALIMANTAN SELATAN,2020-03-11,0,0,0,0,0,0,0,0
KALIMANTAN SELATAN,2020-03-12,0,0,0,0,0,0,0,0
KALIMANTAN SELATAN,2020-03-13,0,0,0,0,0,0,0,0
KALIMANTAN SELATAN,2020-03-14,0,0,0,0,0,0,0,0
KALIMANTAN SELATAN,2020-03-15,0,0,0,0,0,0,0,0
KALIMANTAN SELATAN,2020-03-16,0,0,0,0,0,0,0,0
KALIMANTAN SELATAN,2020-03-17,0,0,0,0,0,0,0,0
KALIMANTAN SELATAN,2020-03-18,0,0,0,0,0,0,0,0
KALIMANTAN SELATAN,2020-03-19,0,0,0,0,0,0,0,0
KALIMANTAN SELATAN,2020-03-20,0,0,0,0,0,0,0,0
KALIMANTAN SELATAN,2020-03-21,0,0,0,0,0,0,0,0
KALIMANTAN SELATAN,2020-03-22,0,0,0,0,0,0,0,0
KALIMANTAN SELATAN,2020-03-23,0,0,0,0,0,0,0,0
KALIMANTAN SELATAN,2020-03-24,0,0,0,0,0,0,0,0
KALIMANTAN SELATAN,2020-03-25,0,0,0,0,0,0,0,0
KALIMANTAN SELATAN,2020-03-26,0,0,0,0,0,0,0,0
KALIMANTAN SELATAN,2020-03-27,0,0,0,0,0,0,0,0
KALIMANTAN SELATAN,2020-03-28,0,0,0,0,0,0,0,0
KALIMANTAN SELATAN,2020-03-29,0,0,0,0,0,0,0,0
KALIMANTAN SELATAN,2020-03-30,5,5,0,0,0,0,5,5
KALIMANTAN SELATAN,2020-03-31,7,2,0,0,0,0,7,2
KALIMANTAN SELATAN,2020-04-01,7,0,0,0,0,0,7,0
KALIMANTAN SELATAN,2020-04-02,7,0,0,0,0,0,7,0
KALIMANTAN SELATAN,2020-04-03,7,0,0,0,0,0,7,0
KALIMANTAN SELATAN,2020-04-04,7,0,0,0,0,0,7,0
KALIMANTAN SELATAN,2020-04-05,15,8,0,0,1,1,14,7
KALIMANTAN SELATAN,2020-04-06,17,2,0,0,1,0,16,2
KALIMANTAN SELATAN,2020-04-07,17,0,0,0,3,2,14,-2
KALIMANTAN SELATAN,2020-04-08,21,4,1,1,3,0,17,3
KALIMANTAN SELATAN,2020-04-09,21,0,3,2,4,1,14,-3
KALIMANTAN SELATAN,2020-04-10,28,7,3,0,4,0,21,7
KALIMANTAN SELATAN,2020-04-11,28,0,3,0,5,1,20,-1
KALIMANTAN SELATAN,2020-04-12,33,5,3,0,5,0,25,5
KALIMANTAN SELATAN,2020-04-13,33,0,4,1,5,0,24,-1
KALIMANTAN SELATAN,2020-04-14,36,3,4,0,7,2,25,1
KALIMANTAN SELATAN,2020-04-15,48,12,5,1,7,0,36,11
KALIMANTAN SELATAN,2020-04-16,57,9,9,4,7,0,41,5
KALIMANTAN SELATAN,2020-04-17,72,15,9,0,7,0,56,15
KALIMANTAN SELATAN,2020-04-18,90,18,10,1,7,0,73,17
KALIMANTAN SELATAN,2020-04-19,94,4,10,0,7,0,77,4
KALIMANTAN SELATAN,2020-04-20,94,0,10,0,7,0,77,0
KALIMANTAN SELATAN,2020-04-21,96,2,11,1,7,0,78,1
KALIMANTAN SELATAN,2020-04-22,106,10,11,0,7,0,88,10
KALIMANTAN SELATAN,2020-04-23,113,7,11,0,8,1,94,6
KALIMANTAN SELATAN,2020-04-24,131,18,11,0,8,0,112,18
KALIMANTAN SELATAN,2020-04-25,145,14,15,4,8,0,122,10
KALIMANTAN SELATAN,2020-04-26,145,0,16,1,8,0,121,-1
KALIMANTAN SELATAN,2020-04-27,149,4,16,0,8,0,125,4
KALIMANTAN SELATAN,2020-04-28,149,0,20,4,9,1,120,-5
KALIMANTAN SELATAN,2020-04-29,156,7,20,0,9,0,127,7
KALIMANTAN SELATAN,2020-04-30,169,13,20,0,9,0,140,13
KALIMANTAN SELATAN,2020-05-01,178,9,24,4,9,0,145,5
KALIMANTAN SELATAN,2020-05-02,178,0,24,0,9,0,145,0
KALIMANTAN SELATAN,2020-05-03,194,16,24,0,9,0,161,16
KALIMANTAN SELATAN,2020-05-04,197,3,24,0,9,0,164,3
KALIMANTAN SELATAN,2020-05-05,211,14,24,0,9,0,178,14
KALIMANTAN SELATAN,2020-05-06,224,13,24,0,9,0,191,13
KALIMANTAN SELATAN,2020-05-07,237,13,24,0,9,0,204,13
KALIMANTAN SELATAN,2020-05-08,245,8,24,0,9,0,212,8
KALIMANTAN SELATAN,2020-05-09,252,7,24,0,9,0,219,7
KALIMANTAN SELATAN,2020-05-10,259,7,24,0,9,0,226,7
KALIMANTAN SELATAN,2020-05-11,259,0,24,0,9,0,226,0
KALIMANTAN SELATAN,2020-05-12,273,14,24,0,9,0,240,14
KALIMANTAN SELATAN,2020-05-13,286,13,24,0,9,0,253,13
KALIMANTAN SELATAN,2020-05-14,288,2,24,0,9,0,255,2
KALIMANTAN SELATAN,2020-05-15,355,67,24,0,36,27,295,40
KALIMANTAN SELATAN,2020-05-16,362,7,73,49,36,0,253,-42
KALIMANTAN SELATAN,2020-05-17,364,2,73,0,44,8,247,-6
KALIMANTAN SELATAN,2020-05-18,435,71,73,0,46,2,316,69
KALIMANTAN SELATAN,2020-05-19,481,46,76,3,51,5,354,38
KALIMANTAN SELATAN,2020-05-20,540,59,76,0,55,4,409,55
KALIMANTAN SELATAN,2020-05-21,548,8,77,1,59,4,412,3
KALIMANTAN SELATAN,2020-05-22,569,21,77,0,60,1,432,20
KALIMANTAN SELATAN,2020-05-23,587,18,77,0,62,2,448,16
KALIMANTAN SELATAN,2020-05-24,596,9,80,3,64,2,452,4
KALIMANTAN SELATAN,2020-05-25,599,3,80,0,66,2,453,1
KALIMANTAN SELATAN,2020-05-26,627,28,80,0,74,8,473,20
KALIMANTAN SELATAN,2020-05-27,700,73,80,0,74,0,546,73
KALIMANTAN SELATAN,2020-05-28,814,114,82,2,75,1,657,111
KALIMANTAN SELATAN,2020-05-29,887,73,97,15,80,5,710,53
KALIMANTAN SELATAN,2020-05-30,890,3,99,2,80,0,711,1
KALIMANTAN SELATAN,2020-05-31,916,26,99,0,86,6,731,20
KALIMANTAN SELATAN,2020-06-01,945,29,99,0,87,1,759,28
KALIMANTAN SELATAN,2020-06-02,966,21,101,2,90,3,775,16
KALIMANTAN SELATAN,2020-06-03,1030,64,101,0,93,3,836,61
KALIMANTAN SELATAN,2020-06-04,1139,109,104,3,93,0,942,106
KALIMANTAN SELATAN,2020-06-05,1210,71,104,0,95,2,1011,69
KALIMANTAN SELATAN,2020-06-06,1243,33,108,4,97,2,1038,27
KALIMANTAN SELATAN,2020-06-07,1281,38,108,0,100,3,1073,35
KALIMANTAN SELATAN,2020-06-08,1343,62,117,9,100,0,1126,53
KALIMANTAN SELATAN,2020-06-09,1434,91,118,1,108,8,1208,82
KALIMANTAN SELATAN,2020-06-10,1561,127,128,10,112,4,1321,113
KALIMANTAN SELATAN,2020-06-11,1631,70,164,36,116,4,1351,30
KALIMANTAN SELATAN,2020-06-12,1691,60,179,15,119,3,1393,42
KALIMANTAN SELATAN,2020-06-13,1814,123,201,22,125,6,1488,95
KALIMANTAN SELATAN,2020-06-14,1884,70,230,29,131,6,1523,35
KALIMANTAN SELATAN,2020-06-15,1950,66,246,16,135,4,1569,46
KALIMANTAN SELATAN,2020-06-16,2119,169,252,6,141,6,1726,157
KALIMANTAN SELATAN,2020-06-17,2206,87,332,80,150,9,1724,-2
KALIMANTAN SELATAN,2020-06-18,2324,118,346,14,152,2,1826,102
KALIMANTAN SELATAN,2020-06-19,2390,66,360,14,155,3,1875,49
KALIMANTAN SELATAN,2020-06-20,2474,84,385,25,165,10,1924,49
KALIMANTAN SELATAN,2020-06-21,2568,94,395,10,167,2,2006,82
KALIMANTAN SELATAN,2020-06-22,2657,89,405,10,167,0,2085,79
KALIMANTAN SELATAN,2020-06-23,2684,27,433,28,168,1,2083,-2
KALIMANTAN SELATAN,2020-06-24,2774,90,448,15,175,7,2151,68
KALIMANTAN SELATAN,2020-06-25,2833,59,535,87,178,3,2120,-31
KALIMANTAN SELATAN,2020-06-26,2874,41,550,15,178,0,2146,26
KALIMANTAN SELATAN,2020-06-27,2928,54,643,93,182,4,2103,-43
KALIMANTAN SELATAN,2020-06-28,3001,73,723,80,186,4,2092,-11
KALIMANTAN SELATAN,2020-06-29,3039,38,728,5,189,3,2122,30
KALIMANTAN SELATAN,2020-06-30,3147,108,766,38,189,0,2192,70
KALIMANTAN SELATAN,2020-07-01,0,0,0,0,0,0,0,0
