provinsi,tanggal,AKUMULASI_KASUS,KASUS,AKUMULASI_SEMBUH,SEMBUH,AKUMULASI_MENINGGAL,MENINGGAL,AKUMULASI_DIRAWAT_OR_ISOLASI,DIRAWAT_OR_ISOLASI
KALIMANTAN TENGAH,2020-03-01,0,0,0,0,0,0,0,0
KALIMANTAN TENGAH,2020-03-02,0,0,0,0,0,0,0,0
KALIMANTAN TENGAH,2020-03-03,0,0,0,0,0,0,0,0
KALIMANTAN TENGAH,2020-03-04,0,0,0,0,0,0,0,0
KALIMANTAN TENGAH,2020-03-05,0,0,0,0,0,0,0,0
KALIMANTAN TENGAH,2020-03-06,0,0,0,0,0,0,0,0
KALIMANTAN TENGAH,2020-03-07,0,0,0,0,0,0,0,0
KALIMANTAN TENGAH,2020-03-08,0,0,0,0,0,0,0,0
KALIMANTAN TENGAH,2020-03-09,0,0,0,0,0,0,0,0
KALIMANTAN TENGAH,2020-03-10,0,0,0,0,0,0,0,0
KALIMANTAN TENGAH,2020-03-11,0,0,0,0,0,0,0,0
KALIMANTAN TENGAH,2020-03-12,0,0,0,0,0,0,0,0
KALIMANTAN TENGAH,2020-03-13,0,0,0,0,0,0,0,0
KALIMANTAN TENGAH,2020-03-14,0,0,0,0,0,0,0,0
KALIMANTAN TENGAH,2020-03-15,0,0,0,0,0,0,0,0
KALIMANTAN TENGAH,2020-03-16,0,0,0,0,0,0,0,0
KALIMANTAN TENGAH,2020-03-17,0,0,0,0,0,0,0,0
KALIMANTAN TENGAH,2020-03-18,0,0,0,0,0,0,0,0
KALIMANTAN TENGAH,2020-03-19,0,0,0,0,0,0,0,0
KALIMANTAN TENGAH,2020-03-20,0,0,0,0,0,0,0,0
KALIMANTAN TENGAH,2020-03-21,0,0,0,0,0,0,0,0
KALIMANTAN TENGAH,2020-03-22,0,0,0,0,0,0,0,0
KALIMANTAN TENGAH,2020-03-23,0,0,0,0,0,0,0,0
KALIMANTAN TENGAH,2020-03-24,0,0,0,0,0,0,0,0
KALIMANTAN TENGAH,2020-03-25,0,0,0,0,0,0,0,0
KALIMANTAN TENGAH,2020-03-26,2,2,0,0,0,0,2,2
KALIMANTAN TENGAH,2020-03-27,2,0,0,0,0,0,2,0
KALIMANTAN TENGAH,2020-03-28,3,1,0,0,0,0,3,1
KALIMANTAN TENGAH,2020-03-29,3,0,0,0,0,0,3,0
KALIMANTAN TENGAH,2020-03-30,3,0,0,0,0,0,3,0
KALIMANTAN TENGAH,2020-03-31,5,2,2,2,0,0,3,0
KALIMANTAN TENGAH,2020-04-01,5,0,2,0,0,0,3,0
KALIMANTAN TENGAH,2020-04-02,5,0,2,0,0,0,3,0
KALIMANTAN TENGAH,2020-04-03,7,2,2,0,0,0,5,2
KALIMANTAN TENGAH,2020-04-04,7,0,4,2,0,0,3,-2
KALIMANTAN TENGAH,2020-04-05,7,0,4,0,0,0,3,0
KALIMANTAN TENGAH,2020-04-06,16,9,4,0,0,0,12,9
KALIMANTAN TENGAH,2020-04-07,16,0,6,2,0,0,10,-2
KALIMANTAN TENGAH,2020-04-08,16,0,6,0,1,1,9,-1
KALIMANTAN TENGAH,2020-04-09,16,0,6,0,1,0,9,0
KALIMANTAN TENGAH,2020-04-10,20,4,7,1,1,0,12,3
KALIMANTAN TENGAH,2020-04-11,20,0,7,0,1,0,12,0
KALIMANTAN TENGAH,2020-04-12,20,0,7,0,1,0,12,0
KALIMANTAN TENGAH,2020-04-13,21,1,8,1,1,0,12,0
KALIMANTAN TENGAH,2020-04-14,21,0,8,0,2,1,11,-1
KALIMANTAN TENGAH,2020-04-15,29,8,8,0,2,0,19,8
KALIMANTAN TENGAH,2020-04-16,30,1,8,0,2,0,20,1
KALIMANTAN TENGAH,2020-04-17,31,1,8,0,2,0,21,1
KALIMANTAN TENGAH,2020-04-18,37,6,8,0,3,1,26,5
KALIMANTAN TENGAH,2020-04-19,42,5,8,0,3,0,31,5
KALIMANTAN TENGAH,2020-04-20,56,14,9,1,4,1,43,12
KALIMANTAN TENGAH,2020-04-21,63,7,9,0,5,1,49,6
KALIMANTAN TENGAH,2020-04-22,78,15,9,0,5,0,64,15
KALIMANTAN TENGAH,2020-04-23,79,1,9,0,5,0,65,1
KALIMANTAN TENGAH,2020-04-24,90,11,9,0,5,0,76,11
KALIMANTAN TENGAH,2020-04-25,96,6,9,0,5,0,82,6
KALIMANTAN TENGAH,2020-04-26,100,4,10,1,5,0,85,3
KALIMANTAN TENGAH,2020-04-27,108,8,10,0,5,0,93,8
KALIMANTAN TENGAH,2020-04-28,117,9,12,2,6,1,99,6
KALIMANTAN TENGAH,2020-04-29,123,6,12,0,6,0,105,6
KALIMANTAN TENGAH,2020-04-30,141,18,13,1,6,0,122,17
KALIMANTAN TENGAH,2020-05-01,152,11,15,2,7,1,130,8
KALIMANTAN TENGAH,2020-05-02,153,1,15,0,7,0,131,1
KALIMANTAN TENGAH,2020-05-03,153,0,15,0,7,0,131,0
KALIMANTAN TENGAH,2020-05-04,176,23,16,1,7,0,153,22
KALIMANTAN TENGAH,2020-05-05,177,1,16,0,9,2,152,-1
KALIMANTAN TENGAH,2020-05-06,182,5,29,13,9,0,144,-8
KALIMANTAN TENGAH,2020-05-07,184,2,29,0,10,1,145,1
KALIMANTAN TENGAH,2020-05-08,184,0,30,1,10,0,144,-1
KALIMANTAN TENGAH,2020-05-09,185,1,30,0,10,0,145,1
KALIMANTAN TENGAH,2020-05-10,189,4,30,0,10,0,149,4
KALIMANTAN TENGAH,2020-05-11,196,7,30,0,10,0,156,7
KALIMANTAN TENGAH,2020-05-12,200,4,31,1,10,0,159,3
KALIMANTAN TENGAH,2020-05-13,216,16,32,1,10,0,174,15
KALIMANTAN TENGAH,2020-05-14,219,3,42,10,10,0,167,-7
KALIMANTAN TENGAH,2020-05-15,223,4,49,7,10,0,164,-3
KALIMANTAN TENGAH,2020-05-16,223,0,49,0,10,0,164,0
KALIMANTAN TENGAH,2020-05-17,223,0,49,0,10,0,164,0
KALIMANTAN TENGAH,2020-05-18,223,0,49,0,10,0,164,0
KALIMANTAN TENGAH,2020-05-19,228,5,49,0,10,0,169,5
KALIMANTAN TENGAH,2020-05-20,237,9,67,18,10,0,160,-9
KALIMANTAN TENGAH,2020-05-21,250,13,77,10,10,0,163,3
KALIMANTAN TENGAH,2020-05-22,285,35,92,15,14,4,179,16
KALIMANTAN TENGAH,2020-05-23,287,2,92,0,14,0,181,2
KALIMANTAN TENGAH,2020-05-24,302,15,92,0,14,0,196,15
KALIMANTAN TENGAH,2020-05-25,304,2,113,21,16,2,175,-21
KALIMANTAN TENGAH,2020-05-26,316,12,113,0,16,0,187,12
KALIMANTAN TENGAH,2020-05-27,324,8,113,0,16,0,195,8
KALIMANTAN TENGAH,2020-05-28,330,6,113,0,16,0,201,6
KALIMANTAN TENGAH,2020-05-29,359,29,120,7,16,0,223,22
KALIMANTAN TENGAH,2020-05-30,390,31,126,6,18,2,246,23
KALIMANTAN TENGAH,2020-05-31,402,12,126,0,18,0,258,12
KALIMANTAN TENGAH,2020-06-01,411,9,126,0,18,0,267,9
KALIMANTAN TENGAH,2020-06-02,420,9,143,17,19,1,258,-9
KALIMANTAN TENGAH,2020-06-03,448,28,150,7,23,4,275,17
KALIMANTAN TENGAH,2020-06-04,461,13,150,0,23,0,288,13
KALIMANTAN TENGAH,2020-06-05,476,15,150,0,25,2,301,13
KALIMANTAN TENGAH,2020-06-06,491,15,150,0,25,0,316,15
KALIMANTAN TENGAH,2020-06-07,492,1,160,10,25,0,307,-9
KALIMANTAN TENGAH,2020-06-08,500,8,162,2,27,2,311,4
KALIMANTAN TENGAH,2020-06-09,518,18,162,0,27,0,329,18
KALIMANTAN TENGAH,2020-06-10,533,15,173,11,28,1,332,3
KALIMANTAN TENGAH,2020-06-11,548,15,173,0,28,0,347,15
KALIMANTAN TENGAH,2020-06-12,561,13,176,3,28,0,357,10
KALIMANTAN TENGAH,2020-06-13,582,21,176,0,29,1,377,20
KALIMANTAN TENGAH,2020-06-14,582,0,193,17,32,3,357,-20
KALIMANTAN TENGAH,2020-06-15,627,45,194,1,36,4,397,40
KALIMANTAN TENGAH,2020-06-16,653,26,204,10,36,0,413,16
KALIMANTAN TENGAH,2020-06-17,698,45,205,1,37,1,456,43
KALIMANTAN TENGAH,2020-06-18,734,36,244,39,43,6,447,-9
KALIMANTAN TENGAH,2020-06-19,734,0,244,0,43,0,447,0
KALIMANTAN TENGAH,2020-06-20,760,26,254,10,45,2,461,14
KALIMANTAN TENGAH,2020-06-21,760,0,254,0,45,0,461,0
KALIMANTAN TENGAH,2020-06-22,781,21,261,7,48,3,472,11
KALIMANTAN TENGAH,2020-06-23,792,11,268,7,49,1,475,3
KALIMANTAN TENGAH,2020-06-24,796,4,268,0,49,0,479,4
KALIMANTAN TENGAH,2020-06-25,806,10,268,0,49,0,489,10
KALIMANTAN TENGAH,2020-06-26,813,7,297,29,51,2,465,-24
KALIMANTAN TENGAH,2020-06-27,818,5,297,0,52,1,469,4
KALIMANTAN TENGAH,2020-06-28,830,12,297,0,52,0,481,12
KALIMANTAN TENGAH,2020-06-29,877,47,347,50,52,0,478,-3
KALIMANTAN TENGAH,2020-06-30,890,13,348,1,54,2,488,10
KALIMANTAN TENGAH,2020-07-01,927,37,348,0,54,0,525,37
KALIMANTAN TENGAH,2020-07-02,942,15,348,0,54,0,540,15
KALIMANTAN TENGAH,2020-07-03,992,50,393,45,58,4,541,1
KALIMANTAN TENGAH,2020-07-04,1000,8,412,19,60,2,528,-13
KALIMANTAN TENGAH,2020-07-05,1028,28,416,4,60,0,552,24
KALIMANTAN TENGAH,2020-07-06,1036,8,416,0,60,0,560,8
KALIMANTAN TENGAH,2020-07-07,0,0,0,0,0,0,0,0
