provinsi,tanggal,AKUMULASI_KASUS,KASUS,AKUMULASI_SEMBUH,SEMBUH,AKUMULASI_MENINGGAL,MENINGGAL,AKUMULASI_DIRAWAT_OR_ISOLASI,DIRAWAT_OR_ISOLASI
KALIMANTAN BARAT,2020-03-01,0,0,0,0,0,0,0,0
KALIMANTAN BARAT,2020-03-02,0,0,0,0,0,0,0,0
KALIMANTAN BARAT,2020-03-03,0,0,0,0,0,0,0,0
KALIMANTAN BARAT,2020-03-04,0,0,0,0,0,0,0,0
KALIMANTAN BARAT,2020-03-05,0,0,0,0,0,0,0,0
KALIMANTAN BARAT,2020-03-06,0,0,0,0,0,0,0,0
KALIMANTAN BARAT,2020-03-07,0,0,0,0,0,0,0,0
KALIMANTAN BARAT,2020-03-08,0,0,0,0,0,0,0,0
KALIMANTAN BARAT,2020-03-09,0,0,0,0,0,0,0,0
KALIMANTAN BARAT,2020-03-10,0,0,0,0,0,0,0,0
KALIMANTAN BARAT,2020-03-11,0,0,0,0,0,0,0,0
KALIMANTAN BARAT,2020-03-12,0,0,0,0,0,0,0,0
KALIMANTAN BARAT,2020-03-13,0,0,0,0,0,0,0,0
KALIMANTAN BARAT,2020-03-14,0,0,0,0,0,0,0,0
KALIMANTAN BARAT,2020-03-15,0,0,0,0,0,0,0,0
KALIMANTAN BARAT,2020-03-16,0,0,0,0,0,0,0,0
KALIMANTAN BARAT,2020-03-17,0,0,0,0,0,0,0,0
KALIMANTAN BARAT,2020-03-18,0,0,0,0,0,0,0,0
KALIMANTAN BARAT,2020-03-19,0,0,0,0,0,0,0,0
KALIMANTAN BARAT,2020-03-20,0,0,0,0,0,0,0,0
KALIMANTAN BARAT,2020-03-21,0,0,0,0,0,0,0,0
KALIMANTAN BARAT,2020-03-22,0,0,0,0,0,0,0,0
KALIMANTAN BARAT,2020-03-23,0,0,0,0,0,0,0,0
KALIMANTAN BARAT,2020-03-24,0,0,0,0,0,0,0,0
KALIMANTAN BARAT,2020-03-25,0,0,0,0,0,0,0,0
KALIMANTAN BARAT,2020-03-26,0,0,0,0,0,0,0,0
KALIMANTAN BARAT,2020-03-27,0,0,0,0,0,0,0,0
KALIMANTAN BARAT,2020-03-28,0,0,0,0,0,0,0,0
KALIMANTAN BARAT,2020-03-29,5,5,2,2,0,0,3,3
KALIMANTAN BARAT,2020-03-30,6,1,2,0,0,0,4,1
KALIMANTAN BARAT,2020-03-31,6,0,2,0,0,0,4,0
KALIMANTAN BARAT,2020-04-01,7,1,2,0,0,0,5,1
KALIMANTAN BARAT,2020-04-02,7,0,2,0,1,1,4,-1
KALIMANTAN BARAT,2020-04-03,7,0,2,0,1,0,4,0
KALIMANTAN BARAT,2020-04-04,7,0,2,0,1,0,4,0
KALIMANTAN BARAT,2020-04-05,7,0,2,0,1,0,4,0
KALIMANTAN BARAT,2020-04-06,7,0,2,0,1,0,4,0
KALIMANTAN BARAT,2020-04-07,7,0,3,1,1,0,3,-1
KALIMANTAN BARAT,2020-04-08,7,0,3,0,1,0,3,0
KALIMANTAN BARAT,2020-04-09,7,0,3,0,1,0,3,0
KALIMANTAN BARAT,2020-04-10,7,0,3,0,1,0,3,0
KALIMANTAN BARAT,2020-04-11,7,0,3,0,1,0,3,0
KALIMANTAN BARAT,2020-04-12,10,3,3,0,1,0,6,3
KALIMANTAN BARAT,2020-04-13,10,0,3,0,1,0,6,0
KALIMANTAN BARAT,2020-04-14,10,0,5,2,1,0,4,-2
KALIMANTAN BARAT,2020-04-15,10,0,5,0,1,0,4,0
KALIMANTAN BARAT,2020-04-16,18,8,5,0,1,0,12,8
KALIMANTAN BARAT,2020-04-17,18,0,5,0,1,0,12,0
KALIMANTAN BARAT,2020-04-18,18,0,5,0,1,0,12,0
KALIMANTAN BARAT,2020-04-19,18,0,5,0,1,0,12,0
KALIMANTAN BARAT,2020-04-20,18,0,5,0,1,0,12,0
KALIMANTAN BARAT,2020-04-21,24,6,6,1,1,0,17,5
KALIMANTAN BARAT,2020-04-22,28,4,7,1,1,0,20,3
KALIMANTAN BARAT,2020-04-23,47,19,7,0,1,0,39,19
KALIMANTAN BARAT,2020-04-24,47,0,7,0,1,0,39,0
KALIMANTAN BARAT,2020-04-25,48,1,7,0,1,0,40,1
KALIMANTAN BARAT,2020-04-26,48,0,7,0,1,0,40,0
KALIMANTAN BARAT,2020-04-27,48,0,7,0,1,0,40,0
KALIMANTAN BARAT,2020-04-28,48,0,7,0,1,0,40,0
KALIMANTAN BARAT,2020-04-29,55,7,7,0,1,0,47,7
KALIMANTAN BARAT,2020-04-30,55,0,7,0,1,0,47,0
KALIMANTAN BARAT,2020-05-01,58,3,7,0,1,0,50,3
KALIMANTAN BARAT,2020-05-02,65,7,7,0,1,0,57,7
KALIMANTAN BARAT,2020-05-03,67,2,7,0,1,0,59,2
KALIMANTAN BARAT,2020-05-04,70,3,7,0,1,0,62,3
KALIMANTAN BARAT,2020-05-05,70,0,7,0,1,0,62,0
KALIMANTAN BARAT,2020-05-06,87,17,10,3,1,0,76,14
KALIMANTAN BARAT,2020-05-07,92,5,10,0,1,0,81,5
KALIMANTAN BARAT,2020-05-08,92,0,10,0,1,0,81,0
KALIMANTAN BARAT,2020-05-09,115,23,10,0,1,0,104,23
KALIMANTAN BARAT,2020-05-10,117,2,10,0,1,0,106,2
KALIMANTAN BARAT,2020-05-11,117,0,10,0,1,0,106,0
KALIMANTAN BARAT,2020-05-12,120,3,19,9,1,0,100,-6
KALIMANTAN BARAT,2020-05-13,126,6,21,2,2,1,103,3
KALIMANTAN BARAT,2020-05-14,126,0,21,0,2,0,103,0
KALIMANTAN BARAT,2020-05-15,126,0,21,0,2,0,103,0
KALIMANTAN BARAT,2020-05-16,128,2,21,0,2,0,105,2
KALIMANTAN BARAT,2020-05-17,129,1,23,2,2,0,104,-1
KALIMANTAN BARAT,2020-05-18,129,0,31,8,2,0,96,-8
KALIMANTAN BARAT,2020-05-19,129,0,31,0,2,0,96,0
KALIMANTAN BARAT,2020-05-20,129,0,31,0,2,0,96,0
KALIMANTAN BARAT,2020-05-21,130,1,36,5,2,0,92,-4
KALIMANTAN BARAT,2020-05-22,137,7,37,1,2,0,98,6
KALIMANTAN BARAT,2020-05-23,165,28,37,0,2,0,126,28
KALIMANTAN BARAT,2020-05-24,165,0,37,0,2,0,126,0
KALIMANTAN BARAT,2020-05-25,172,7,42,5,2,0,128,2
KALIMANTAN BARAT,2020-05-26,173,1,43,1,2,0,128,0
KALIMANTAN BARAT,2020-05-27,180,7,43,0,2,0,135,7
KALIMANTAN BARAT,2020-05-28,181,1,43,0,2,0,136,1
KALIMANTAN BARAT,2020-05-29,181,0,46,3,2,0,133,-3
KALIMANTAN BARAT,2020-05-30,181,0,46,0,2,0,133,0
KALIMANTAN BARAT,2020-05-31,186,5,51,5,2,0,133,0
KALIMANTAN BARAT,2020-06-01,193,7,54,3,2,0,137,4
KALIMANTAN BARAT,2020-06-02,193,0,54,0,2,0,137,0
KALIMANTAN BARAT,2020-06-03,199,6,78,24,2,0,119,-18
KALIMANTAN BARAT,2020-06-04,199,0,93,15,2,0,104,-15
KALIMANTAN BARAT,2020-06-05,202,3,108,15,2,0,92,-12
KALIMANTAN BARAT,2020-06-06,207,5,113,5,2,0,92,0
KALIMANTAN BARAT,2020-06-07,207,0,113,0,2,0,92,0
KALIMANTAN BARAT,2020-06-08,207,0,116,3,2,0,89,-3
KALIMANTAN BARAT,2020-06-09,231,24,117,1,2,0,112,23
KALIMANTAN BARAT,2020-06-10,242,11,137,20,2,0,103,-9
KALIMANTAN BARAT,2020-06-11,242,0,144,7,2,0,96,-7
KALIMANTAN BARAT,2020-06-12,264,22,145,1,2,0,117,21
KALIMANTAN BARAT,2020-06-13,264,0,149,4,2,0,113,-4
KALIMANTAN BARAT,2020-06-14,265,1,158,9,2,0,105,-8
KALIMANTAN BARAT,2020-06-15,265,0,165,7,2,0,98,-7
KALIMANTAN BARAT,2020-06-16,267,2,166,1,2,0,99,1
KALIMANTAN BARAT,2020-06-17,279,12,166,0,2,0,111,12
KALIMANTAN BARAT,2020-06-18,279,0,172,6,2,0,105,-6
KALIMANTAN BARAT,2020-06-19,293,14,185,13,2,0,106,1
KALIMANTAN BARAT,2020-06-20,295,2,194,9,2,0,99,-7
KALIMANTAN BARAT,2020-06-21,295,0,215,21,2,0,78,-21
KALIMANTAN BARAT,2020-06-22,295,0,218,3,2,0,75,-3
KALIMANTAN BARAT,2020-06-23,310,15,222,4,2,0,86,11
KALIMANTAN BARAT,2020-06-24,310,0,227,5,2,0,81,-5
KALIMANTAN BARAT,2020-06-25,310,0,234,7,2,0,74,-7
KALIMANTAN BARAT,2020-06-26,310,0,240,6,2,0,68,-6
KALIMANTAN BARAT,2020-06-27,318,8,250,10,2,0,66,-2
KALIMANTAN BARAT,2020-06-28,0,0,0,0,0,0,0,0
KALIMANTAN BARAT,2020-06-29,0,0,0,0,0,0,0,0
