provinsi,tanggal,AKUMULASI_KASUS,KASUS,AKUMULASI_SEMBUH,SEMBUH,AKUMULASI_MENINGGAL,MENINGGAL,AKUMULASI_DIRAWAT_OR_ISOLASI,DIRAWAT_OR_ISOLASI
KEPULAUAN BANGKA BELITUNG,2020-03-01,0,0,0,0,0,0,0,0
KEPULAUAN BANGKA BELITUNG,2020-03-02,0,0,0,0,0,0,0,0
KEPULAUAN BANGKA BELITUNG,2020-03-03,0,0,0,0,0,0,0,0
KEPULAUAN BANGKA BELITUNG,2020-03-04,0,0,0,0,0,0,0,0
KEPULAUAN BANGKA BELITUNG,2020-03-05,0,0,0,0,0,0,0,0
KEPULAUAN BANGKA BELITUNG,2020-03-06,0,0,0,0,0,0,0,0
KEPULAUAN BANGKA BELITUNG,2020-03-07,0,0,0,0,0,0,0,0
KEPULAUAN BANGKA BELITUNG,2020-03-08,0,0,0,0,0,0,0,0
KEPULAUAN BANGKA BELITUNG,2020-03-09,0,0,0,0,0,0,0,0
KEPULAUAN BANGKA BELITUNG,2020-03-10,0,0,0,0,0,0,0,0
KEPULAUAN BANGKA BELITUNG,2020-03-11,0,0,0,0,0,0,0,0
KEPULAUAN BANGKA BELITUNG,2020-03-12,0,0,0,0,0,0,0,0
KEPULAUAN BANGKA BELITUNG,2020-03-13,0,0,0,0,0,0,0,0
KEPULAUAN BANGKA BELITUNG,2020-03-14,0,0,0,0,0,0,0,0
KEPULAUAN BANGKA BELITUNG,2020-03-15,0,0,0,0,0,0,0,0
KEPULAUAN BANGKA BELITUNG,2020-03-16,0,0,0,0,0,0,0,0
KEPULAUAN BANGKA BELITUNG,2020-03-17,0,0,0,0,0,0,0,0
KEPULAUAN BANGKA BELITUNG,2020-03-18,0,0,0,0,0,0,0,0
KEPULAUAN BANGKA BELITUNG,2020-03-19,0,0,0,0,0,0,0,0
KEPULAUAN BANGKA BELITUNG,2020-03-20,0,0,0,0,0,0,0,0
KEPULAUAN BANGKA BELITUNG,2020-03-21,0,0,0,0,0,0,0,0
KEPULAUAN BANGKA BELITUNG,2020-03-22,0,0,0,0,0,0,0,0
KEPULAUAN BANGKA BELITUNG,2020-03-23,0,0,0,0,0,0,0,0
KEPULAUAN BANGKA BELITUNG,2020-03-24,0,0,0,0,0,0,0,0
KEPULAUAN BANGKA BELITUNG,2020-03-25,0,0,0,0,0,0,0,0
KEPULAUAN BANGKA BELITUNG,2020-03-26,0,0,0,0,0,0,0,0
KEPULAUAN BANGKA BELITUNG,2020-03-27,0,0,0,0,0,0,0,0
KEPULAUAN BANGKA BELITUNG,2020-03-28,0,0,0,0,0,0,0,0
KEPULAUAN BANGKA BELITUNG,2020-03-29,0,0,0,0,0,0,0,0
KEPULAUAN BANGKA BELITUNG,2020-03-30,1,1,0,0,0,0,1,1
KEPULAUAN BANGKA BELITUNG,2020-03-31,2,1,0,0,1,1,1,0
KEPULAUAN BANGKA BELITUNG,2020-04-01,2,0,0,0,1,0,1,0
KEPULAUAN BANGKA BELITUNG,2020-04-02,2,0,0,0,1,0,1,0
KEPULAUAN BANGKA BELITUNG,2020-04-03,2,0,0,0,1,0,1,0
KEPULAUAN BANGKA BELITUNG,2020-04-04,2,0,0,0,1,0,1,0
KEPULAUAN BANGKA BELITUNG,2020-04-05,2,0,0,0,1,0,1,0
KEPULAUAN BANGKA BELITUNG,2020-04-06,2,0,0,0,1,0,1,0
KEPULAUAN BANGKA BELITUNG,2020-04-07,2,0,0,0,1,0,1,0
KEPULAUAN BANGKA BELITUNG,2020-04-08,2,0,0,0,1,0,1,0
KEPULAUAN BANGKA BELITUNG,2020-04-09,3,1,0,0,1,0,2,1
KEPULAUAN BANGKA BELITUNG,2020-04-10,3,0,0,0,1,0,2,0
KEPULAUAN BANGKA BELITUNG,2020-04-11,4,1,0,0,1,0,3,1
KEPULAUAN BANGKA BELITUNG,2020-04-12,4,0,0,0,1,0,3,0
KEPULAUAN BANGKA BELITUNG,2020-04-13,4,0,0,0,1,0,3,0
KEPULAUAN BANGKA BELITUNG,2020-04-14,4,0,0,0,1,0,3,0
KEPULAUAN BANGKA BELITUNG,2020-04-15,5,1,0,0,1,0,4,1
KEPULAUAN BANGKA BELITUNG,2020-04-16,6,1,0,0,1,0,5,1
KEPULAUAN BANGKA BELITUNG,2020-04-17,6,0,0,0,1,0,5,0
KEPULAUAN BANGKA BELITUNG,2020-04-18,6,0,1,1,1,0,4,-1
KEPULAUAN BANGKA BELITUNG,2020-04-19,7,1,1,0,1,0,5,1
KEPULAUAN BANGKA BELITUNG,2020-04-20,7,0,1,0,1,0,5,0
KEPULAUAN BANGKA BELITUNG,2020-04-21,8,1,2,1,1,0,5,0
KEPULAUAN BANGKA BELITUNG,2020-04-22,8,0,2,0,1,0,5,0
KEPULAUAN BANGKA BELITUNG,2020-04-23,9,1,2,0,1,0,6,1
KEPULAUAN BANGKA BELITUNG,2020-04-24,9,0,2,0,1,0,6,0
KEPULAUAN BANGKA BELITUNG,2020-04-25,9,0,2,0,1,0,6,0
KEPULAUAN BANGKA BELITUNG,2020-04-26,10,1,2,0,1,0,7,1
KEPULAUAN BANGKA BELITUNG,2020-04-27,10,0,2,0,1,0,7,0
KEPULAUAN BANGKA BELITUNG,2020-04-28,10,0,2,0,1,0,7,0
KEPULAUAN BANGKA BELITUNG,2020-04-29,10,0,2,0,1,0,7,0
KEPULAUAN BANGKA BELITUNG,2020-04-30,10,0,4,2,1,0,5,-2
KEPULAUAN BANGKA BELITUNG,2020-05-01,19,9,4,0,1,0,14,9
KEPULAUAN BANGKA BELITUNG,2020-05-02,19,0,4,0,1,0,14,0
KEPULAUAN BANGKA BELITUNG,2020-05-03,20,1,4,0,1,0,15,1
KEPULAUAN BANGKA BELITUNG,2020-05-04,20,0,4,0,1,0,15,0
KEPULAUAN BANGKA BELITUNG,2020-05-05,28,8,4,0,1,0,23,8
KEPULAUAN BANGKA BELITUNG,2020-05-06,28,0,6,2,1,0,21,-2
KEPULAUAN BANGKA BELITUNG,2020-05-07,28,0,6,0,1,0,21,0
KEPULAUAN BANGKA BELITUNG,2020-05-08,28,0,7,1,1,0,20,-1
KEPULAUAN BANGKA BELITUNG,2020-05-09,28,0,7,0,1,0,20,0
KEPULAUAN BANGKA BELITUNG,2020-05-10,29,1,7,0,1,0,21,1
KEPULAUAN BANGKA BELITUNG,2020-05-11,29,0,7,0,1,0,21,0
KEPULAUAN BANGKA BELITUNG,2020-05-12,29,0,7,0,1,0,21,0
KEPULAUAN BANGKA BELITUNG,2020-05-13,29,0,7,0,1,0,21,0
KEPULAUAN BANGKA BELITUNG,2020-05-14,29,0,7,0,1,0,21,0
KEPULAUAN BANGKA BELITUNG,2020-05-15,29,0,24,17,1,0,4,-17
KEPULAUAN BANGKA BELITUNG,2020-05-16,29,0,24,0,1,0,4,0
KEPULAUAN BANGKA BELITUNG,2020-05-17,29,0,24,0,1,0,4,0
KEPULAUAN BANGKA BELITUNG,2020-05-18,29,0,24,0,1,0,4,0
KEPULAUAN BANGKA BELITUNG,2020-05-19,29,0,24,0,1,0,4,0
KEPULAUAN BANGKA BELITUNG,2020-05-20,35,6,25,1,1,0,9,5
KEPULAUAN BANGKA BELITUNG,2020-05-21,36,1,26,1,1,0,9,0
KEPULAUAN BANGKA BELITUNG,2020-05-22,36,0,26,0,1,0,9,0
KEPULAUAN BANGKA BELITUNG,2020-05-23,39,3,27,1,1,0,11,2
KEPULAUAN BANGKA BELITUNG,2020-05-24,39,0,27,0,1,0,11,0
KEPULAUAN BANGKA BELITUNG,2020-05-25,39,0,27,0,1,0,11,0
KEPULAUAN BANGKA BELITUNG,2020-05-26,39,0,27,0,1,0,11,0
KEPULAUAN BANGKA BELITUNG,2020-05-27,42,3,27,0,1,0,14,3
KEPULAUAN BANGKA BELITUNG,2020-05-28,42,0,27,0,1,0,14,0
KEPULAUAN BANGKA BELITUNG,2020-05-29,42,0,27,0,1,0,14,0
KEPULAUAN BANGKA BELITUNG,2020-05-30,45,3,27,0,1,0,17,3
KEPULAUAN BANGKA BELITUNG,2020-05-31,46,1,28,1,1,0,17,0
KEPULAUAN BANGKA BELITUNG,2020-06-01,46,0,28,0,1,0,17,0
KEPULAUAN BANGKA BELITUNG,2020-06-02,50,4,29,1,1,0,20,3
KEPULAUAN BANGKA BELITUNG,2020-06-03,62,12,32,3,1,0,29,9
KEPULAUAN BANGKA BELITUNG,2020-06-04,72,10,34,2,1,0,37,8
KEPULAUAN BANGKA BELITUNG,2020-06-05,81,9,34,0,1,0,46,9
KEPULAUAN BANGKA BELITUNG,2020-06-06,98,17,35,1,1,0,62,16
KEPULAUAN BANGKA BELITUNG,2020-06-07,102,4,36,1,1,0,65,3
KEPULAUAN BANGKA BELITUNG,2020-06-08,102,0,37,1,1,0,64,-1
KEPULAUAN BANGKA BELITUNG,2020-06-09,121,19,42,5,1,0,78,14
KEPULAUAN BANGKA BELITUNG,2020-06-10,123,2,43,1,1,0,79,1
KEPULAUAN BANGKA BELITUNG,2020-06-11,126,3,46,3,1,0,79,0
KEPULAUAN BANGKA BELITUNG,2020-06-12,132,6,54,8,1,0,77,-2
KEPULAUAN BANGKA BELITUNG,2020-06-13,136,4,63,9,1,0,72,-5
KEPULAUAN BANGKA BELITUNG,2020-06-14,144,8,63,0,2,1,79,7
KEPULAUAN BANGKA BELITUNG,2020-06-15,144,0,63,0,2,0,79,0
KEPULAUAN BANGKA BELITUNG,2020-06-16,145,1,68,5,2,0,75,-4
KEPULAUAN BANGKA BELITUNG,2020-06-17,147,2,95,27,2,0,50,-25
KEPULAUAN BANGKA BELITUNG,2020-06-18,147,0,101,6,2,0,44,-6
KEPULAUAN BANGKA BELITUNG,2020-06-19,147,0,107,6,2,0,38,-6
KEPULAUAN BANGKA BELITUNG,2020-06-20,148,1,107,0,2,0,39,1
KEPULAUAN BANGKA BELITUNG,2020-06-21,148,0,107,0,2,0,39,0
KEPULAUAN BANGKA BELITUNG,2020-06-22,148,0,117,10,2,0,29,-10
KEPULAUAN BANGKA BELITUNG,2020-06-23,148,0,117,0,2,0,29,0
KEPULAUAN BANGKA BELITUNG,2020-06-24,148,0,126,9,2,0,20,-9
KEPULAUAN BANGKA BELITUNG,2020-06-25,148,0,127,1,2,0,19,-1
KEPULAUAN BANGKA BELITUNG,2020-06-26,148,0,130,3,2,0,16,-3
KEPULAUAN BANGKA BELITUNG,2020-06-27,149,1,132,2,2,0,15,-1
KEPULAUAN BANGKA BELITUNG,2020-06-28,149,0,132,0,2,0,15,0
KEPULAUAN BANGKA BELITUNG,2020-06-29,152,3,133,1,2,0,17,2
KEPULAUAN BANGKA BELITUNG,2020-06-30,152,0,134,1,2,0,16,-1
KEPULAUAN BANGKA BELITUNG,2020-07-01,155,3,135,1,2,0,18,2
KEPULAUAN BANGKA BELITUNG,2020-07-02,155,0,136,1,2,0,17,-1
KEPULAUAN BANGKA BELITUNG,2020-07-03,157,2,136,0,2,0,19,2
KEPULAUAN BANGKA BELITUNG,2020-07-04,161,4,136,0,2,0,23,4
KEPULAUAN BANGKA BELITUNG,2020-07-05,163,2,136,0,2,0,25,2
KEPULAUAN BANGKA BELITUNG,2020-07-06,169,6,136,0,2,0,31,6
KEPULAUAN BANGKA BELITUNG,2020-07-07,0,0,0,0,0,0,0,0
