provinsi,tanggal,AKUMULASI_KASUS,KASUS,AKUMULASI_SEMBUH,SEMBUH,AKUMULASI_MENINGGAL,MENINGGAL,AKUMULASI_DIRAWAT_OR_ISOLASI,DIRAWAT_OR_ISOLASI
LAMPUNG,2020-03-01,0,0,0,0,0,0,0,0
LAMPUNG,2020-03-02,0,0,0,0,0,0,0,0
LAMPUNG,2020-03-03,0,0,0,0,0,0,0,0
LAMPUNG,2020-03-04,0,0,0,0,0,0,0,0
LAMPUNG,2020-03-05,0,0,0,0,0,0,0,0
LAMPUNG,2020-03-06,0,0,0,0,0,0,0,0
LAMPUNG,2020-03-07,0,0,0,0,0,0,0,0
LAMPUNG,2020-03-08,0,0,0,0,0,0,0,0
LAMPUNG,2020-03-09,0,0,0,0,0,0,0,0
LAMPUNG,2020-03-10,0,0,0,0,0,0,0,0
LAMPUNG,2020-03-11,0,0,0,0,0,0,0,0
LAMPUNG,2020-03-12,0,0,0,0,0,0,0,0
LAMPUNG,2020-03-13,0,0,0,0,0,0,0,0
LAMPUNG,2020-03-14,0,0,0,0,0,0,0,0
LAMPUNG,2020-03-15,0,0,0,0,0,0,0,0
LAMPUNG,2020-03-16,0,0,0,0,0,0,0,0
LAMPUNG,2020-03-17,0,0,0,0,0,0,0,0
LAMPUNG,2020-03-18,0,0,0,0,0,0,0,0
LAMPUNG,2020-03-19,0,0,0,0,0,0,0,0
LAMPUNG,2020-03-20,0,0,0,0,0,0,0,0
LAMPUNG,2020-03-21,0,0,0,0,0,0,0,0
LAMPUNG,2020-03-22,0,0,0,0,0,0,0,0
LAMPUNG,2020-03-23,0,0,0,0,0,0,0,0
LAMPUNG,2020-03-24,0,0,0,0,0,0,0,0
LAMPUNG,2020-03-25,0,0,0,0,0,0,0,0
LAMPUNG,2020-03-26,2,2,0,0,0,0,2,2
LAMPUNG,2020-03-27,3,1,0,0,0,0,3,1
LAMPUNG,2020-03-28,3,0,0,0,0,0,3,0
LAMPUNG,2020-03-29,3,0,0,0,0,0,3,0
LAMPUNG,2020-03-30,7,4,0,0,1,1,6,3
LAMPUNG,2020-03-31,7,0,0,0,2,1,5,-1
LAMPUNG,2020-04-01,7,0,0,0,2,0,5,0
LAMPUNG,2020-04-02,7,0,0,0,2,0,5,0
LAMPUNG,2020-04-03,10,3,0,0,3,1,7,2
LAMPUNG,2020-04-04,10,0,0,0,3,0,7,0
LAMPUNG,2020-04-05,10,0,0,0,3,0,7,0
LAMPUNG,2020-04-06,11,1,0,0,3,0,8,1
LAMPUNG,2020-04-07,11,0,0,0,3,0,8,0
LAMPUNG,2020-04-08,14,3,0,0,5,2,9,1
LAMPUNG,2020-04-09,14,0,2,2,5,0,7,-2
LAMPUNG,2020-04-10,19,5,2,0,5,0,12,5
LAMPUNG,2020-04-11,19,0,4,2,5,0,10,-2
LAMPUNG,2020-04-12,19,0,4,0,5,0,10,0
LAMPUNG,2020-04-13,20,1,4,0,5,0,11,1
LAMPUNG,2020-04-14,20,0,4,0,5,0,11,0
LAMPUNG,2020-04-15,20,0,4,0,5,0,11,0
LAMPUNG,2020-04-16,25,5,4,0,5,0,16,5
LAMPUNG,2020-04-17,25,0,4,0,5,0,16,0
LAMPUNG,2020-04-18,25,0,4,0,5,0,16,0
LAMPUNG,2020-04-19,25,0,4,0,5,0,16,0
LAMPUNG,2020-04-20,25,0,4,0,5,0,16,0
LAMPUNG,2020-04-21,26,1,5,1,5,0,16,0
LAMPUNG,2020-04-22,26,0,6,1,5,0,15,-1
LAMPUNG,2020-04-23,37,11,6,0,5,0,26,11
LAMPUNG,2020-04-24,37,0,6,0,5,0,26,0
LAMPUNG,2020-04-25,37,0,7,1,5,0,25,-1
LAMPUNG,2020-04-26,41,4,7,0,5,0,29,4
LAMPUNG,2020-04-27,41,0,8,1,5,0,28,-1
LAMPUNG,2020-04-28,43,2,10,2,5,0,28,0
LAMPUNG,2020-04-29,45,2,13,3,5,0,27,-1
LAMPUNG,2020-04-30,45,0,13,0,5,0,27,0
LAMPUNG,2020-05-01,49,4,13,0,5,0,31,4
LAMPUNG,2020-05-02,49,0,13,0,5,0,31,0
LAMPUNG,2020-05-03,49,0,13,0,5,0,31,0
LAMPUNG,2020-05-04,53,4,13,0,5,0,35,4
LAMPUNG,2020-05-05,54,1,14,1,5,0,35,0
LAMPUNG,2020-05-06,62,8,19,5,5,0,38,3
LAMPUNG,2020-05-07,62,0,19,0,5,0,38,0
LAMPUNG,2020-05-08,65,3,19,0,5,0,41,3
LAMPUNG,2020-05-09,65,0,19,0,5,0,41,0
LAMPUNG,2020-05-10,65,0,19,0,6,1,40,-1
LAMPUNG,2020-05-11,65,0,19,0,7,1,39,-1
LAMPUNG,2020-05-12,65,0,19,0,7,0,39,0
LAMPUNG,2020-05-13,65,0,19,0,7,0,39,0
LAMPUNG,2020-05-14,65,0,19,0,7,0,39,0
LAMPUNG,2020-05-15,65,0,21,2,8,1,36,-3
LAMPUNG,2020-05-16,65,0,23,2,8,0,34,-2
LAMPUNG,2020-05-17,66,1,23,0,8,0,35,1
LAMPUNG,2020-05-18,82,16,25,2,8,0,49,14
LAMPUNG,2020-05-19,83,1,29,4,8,0,46,-3
LAMPUNG,2020-05-20,85,2,29,0,8,0,48,2
LAMPUNG,2020-05-21,101,16,31,2,8,0,62,14
LAMPUNG,2020-05-22,105,4,36,5,8,0,61,-1
LAMPUNG,2020-05-23,105,0,40,4,8,0,57,-4
LAMPUNG,2020-05-24,109,4,45,5,10,2,54,-3
LAMPUNG,2020-05-25,116,7,45,0,11,1,60,6
LAMPUNG,2020-05-26,116,0,47,2,11,0,58,-2
LAMPUNG,2020-05-27,118,2,47,0,11,0,60,2
LAMPUNG,2020-05-28,118,0,47,0,11,0,60,0
LAMPUNG,2020-05-29,131,13,47,0,11,0,73,13
LAMPUNG,2020-05-30,132,1,58,11,11,0,63,-10
LAMPUNG,2020-05-31,133,1,62,4,11,0,60,-3
LAMPUNG,2020-06-01,135,2,67,5,11,0,57,-3
LAMPUNG,2020-06-02,135,0,73,6,11,0,51,-6
LAMPUNG,2020-06-03,135,0,77,4,11,0,47,-4
LAMPUNG,2020-06-04,139,4,80,3,11,0,48,1
LAMPUNG,2020-06-05,140,1,91,11,11,0,38,-10
LAMPUNG,2020-06-06,142,2,94,3,11,0,37,-1
LAMPUNG,2020-06-07,143,1,95,1,11,0,37,0
LAMPUNG,2020-06-08,144,1,98,3,11,0,35,-2
LAMPUNG,2020-06-09,147,3,101,3,11,0,35,0
LAMPUNG,2020-06-10,149,2,102,1,11,0,36,1
LAMPUNG,2020-06-11,151,2,102,0,11,0,38,2
LAMPUNG,2020-06-12,152,1,104,2,11,0,37,-1
LAMPUNG,2020-06-13,164,12,107,3,12,1,45,8
LAMPUNG,2020-06-14,165,1,108,1,12,0,45,0
LAMPUNG,2020-06-15,165,0,108,0,12,0,45,0
LAMPUNG,2020-06-16,165,0,110,2,12,0,43,-2
LAMPUNG,2020-06-17,168,3,111,1,12,0,45,2
LAMPUNG,2020-06-18,170,2,114,3,12,0,44,-1
LAMPUNG,2020-06-19,171,1,116,2,12,0,43,-1
LAMPUNG,2020-06-20,179,8,121,5,12,0,46,3
LAMPUNG,2020-06-21,180,1,121,0,12,0,47,1
LAMPUNG,2020-06-22,180,0,121,0,12,0,47,0
LAMPUNG,2020-06-23,180,0,121,0,12,0,47,0
LAMPUNG,2020-06-24,182,2,128,7,12,0,42,-5
LAMPUNG,2020-06-25,186,4,128,0,12,0,46,4
LAMPUNG,2020-06-26,186,0,130,2,12,0,44,-2
LAMPUNG,2020-06-27,187,1,134,4,12,0,41,-3
LAMPUNG,2020-06-28,187,0,141,7,12,0,34,-7
LAMPUNG,2020-06-29,187,0,142,1,12,0,33,-1
LAMPUNG,2020-06-30,189,2,144,2,12,0,33,0
LAMPUNG,2020-07-01,190,1,144,0,12,0,34,1
LAMPUNG,2020-07-02,0,0,0,0,0,0,0,0
