provinsi,tanggal,AKUMULASI_KASUS,KASUS,AKUMULASI_SEMBUH,SEMBUH,AKUMULASI_MENINGGAL,MENINGGAL,AKUMULASI_DIRAWAT_OR_ISOLASI,DIRAWAT_OR_ISOLASI
MALUKU UTARA,2020-03-01,0,0,0,0,0,0,0,0
MALUKU UTARA,2020-03-02,0,0,0,0,0,0,0,0
MALUKU UTARA,2020-03-03,0,0,0,0,0,0,0,0
MALUKU UTARA,2020-03-04,0,0,0,0,0,0,0,0
MALUKU UTARA,2020-03-05,0,0,0,0,0,0,0,0
MALUKU UTARA,2020-03-06,0,0,0,0,0,0,0,0
MALUKU UTARA,2020-03-07,0,0,0,0,0,0,0,0
MALUKU UTARA,2020-03-08,0,0,0,0,0,0,0,0
MALUKU UTARA,2020-03-09,0,0,0,0,0,0,0,0
MALUKU UTARA,2020-03-10,0,0,0,0,0,0,0,0
MALUKU UTARA,2020-03-11,0,0,0,0,0,0,0,0
MALUKU UTARA,2020-03-12,0,0,0,0,0,0,0,0
MALUKU UTARA,2020-03-13,0,0,0,0,0,0,0,0
MALUKU UTARA,2020-03-14,0,0,0,0,0,0,0,0
MALUKU UTARA,2020-03-15,0,0,0,0,0,0,0,0
MALUKU UTARA,2020-03-16,0,0,0,0,0,0,0,0
MALUKU UTARA,2020-03-17,0,0,0,0,0,0,0,0
MALUKU UTARA,2020-03-18,0,0,0,0,0,0,0,0
MALUKU UTARA,2020-03-19,0,0,0,0,0,0,0,0
MALUKU UTARA,2020-03-20,0,0,0,0,0,0,0,0
MALUKU UTARA,2020-03-21,0,0,0,0,0,0,0,0
MALUKU UTARA,2020-03-22,0,0,0,0,0,0,0,0
MALUKU UTARA,2020-03-23,1,1,0,0,0,0,1,1
MALUKU UTARA,2020-03-24,1,0,0,0,0,0,1,0
MALUKU UTARA,2020-03-25,1,0,0,0,0,0,1,0
MALUKU UTARA,2020-03-26,1,0,0,0,0,0,1,0
MALUKU UTARA,2020-03-27,1,0,0,0,0,0,1,0
MALUKU UTARA,2020-03-28,1,0,0,0,0,0,1,0
MALUKU UTARA,2020-03-29,1,0,0,0,0,0,1,0
MALUKU UTARA,2020-03-30,1,0,0,0,0,0,1,0
MALUKU UTARA,2020-03-31,1,0,0,0,0,0,1,0
MALUKU UTARA,2020-04-01,1,0,0,0,0,0,1,0
MALUKU UTARA,2020-04-02,1,0,0,0,0,0,1,0
MALUKU UTARA,2020-04-03,1,0,0,0,0,0,1,0
MALUKU UTARA,2020-04-04,1,0,0,0,0,0,1,0
MALUKU UTARA,2020-04-05,1,0,0,0,0,0,1,0
MALUKU UTARA,2020-04-06,1,0,0,0,0,0,1,0
MALUKU UTARA,2020-04-07,1,0,0,0,0,0,1,0
MALUKU UTARA,2020-04-08,2,1,0,0,0,0,2,1
MALUKU UTARA,2020-04-09,2,0,1,1,0,0,1,-1
MALUKU UTARA,2020-04-10,2,0,1,0,0,0,1,0
MALUKU UTARA,2020-04-11,2,0,1,0,0,0,1,0
MALUKU UTARA,2020-04-12,2,0,1,0,0,0,1,0
MALUKU UTARA,2020-04-13,2,0,1,0,0,0,1,0
MALUKU UTARA,2020-04-14,2,0,1,0,0,0,1,0
MALUKU UTARA,2020-04-15,4,2,2,1,0,0,2,1
MALUKU UTARA,2020-04-16,4,0,2,0,0,0,2,0
MALUKU UTARA,2020-04-17,4,0,2,0,0,0,2,0
MALUKU UTARA,2020-04-18,4,0,2,0,0,0,2,0
MALUKU UTARA,2020-04-19,4,0,2,0,0,0,2,0
MALUKU UTARA,2020-04-20,4,0,2,0,0,0,2,0
MALUKU UTARA,2020-04-21,4,0,2,0,0,0,2,0
MALUKU UTARA,2020-04-22,12,8,2,0,0,0,10,8
MALUKU UTARA,2020-04-23,14,2,2,0,0,0,12,2
MALUKU UTARA,2020-04-24,14,0,2,0,0,0,12,0
MALUKU UTARA,2020-04-25,14,0,3,1,0,0,11,-1
MALUKU UTARA,2020-04-26,26,12,3,0,0,0,23,12
MALUKU UTARA,2020-04-27,26,0,3,0,0,0,23,0
MALUKU UTARA,2020-04-28,26,0,4,1,0,0,22,-1
MALUKU UTARA,2020-04-29,26,0,4,0,0,0,22,0
MALUKU UTARA,2020-04-30,40,14,4,0,0,0,36,14
MALUKU UTARA,2020-05-01,41,1,4,0,0,0,37,1
MALUKU UTARA,2020-05-02,41,0,4,0,0,0,37,0
MALUKU UTARA,2020-05-03,50,9,6,2,0,0,44,7
MALUKU UTARA,2020-05-04,50,0,6,0,0,0,44,0
MALUKU UTARA,2020-05-05,50,0,6,0,0,0,44,0
MALUKU UTARA,2020-05-06,50,0,6,0,0,0,44,0
MALUKU UTARA,2020-05-07,50,0,6,0,0,0,44,0
MALUKU UTARA,2020-05-08,50,0,9,3,0,0,41,-3
MALUKU UTARA,2020-05-09,54,4,9,0,0,0,45,4
MALUKU UTARA,2020-05-10,54,0,9,0,0,0,45,0
MALUKU UTARA,2020-05-11,54,0,9,0,0,0,45,0
MALUKU UTARA,2020-05-12,54,0,9,0,0,0,45,0
MALUKU UTARA,2020-05-13,77,23,9,0,3,3,65,20
MALUKU UTARA,2020-05-14,81,4,12,3,3,0,66,1
MALUKU UTARA,2020-05-15,85,4,13,1,4,1,68,2
MALUKU UTARA,2020-05-16,88,3,13,0,4,0,71,3
MALUKU UTARA,2020-05-17,92,4,13,0,4,0,75,4
MALUKU UTARA,2020-05-18,93,1,13,0,4,0,76,1
MALUKU UTARA,2020-05-19,95,2,13,0,4,0,78,2
MALUKU UTARA,2020-05-20,96,1,13,0,4,0,79,1
MALUKU UTARA,2020-05-21,97,1,13,0,4,0,80,1
MALUKU UTARA,2020-05-22,99,2,13,0,4,0,82,2
MALUKU UTARA,2020-05-23,99,0,13,0,4,0,82,0
MALUKU UTARA,2020-05-24,100,1,13,0,5,1,82,0
MALUKU UTARA,2020-05-25,107,7,13,0,5,0,89,7
MALUKU UTARA,2020-05-26,118,11,17,4,6,1,95,6
MALUKU UTARA,2020-05-27,119,1,21,4,6,0,92,-3
MALUKU UTARA,2020-05-28,128,9,21,0,7,1,100,8
MALUKU UTARA,2020-05-29,139,11,21,0,7,0,111,11
MALUKU UTARA,2020-05-30,146,7,27,6,7,0,112,1
MALUKU UTARA,2020-05-31,153,7,27,0,11,4,115,3
MALUKU UTARA,2020-06-01,160,7,29,2,14,3,117,2
MALUKU UTARA,2020-06-02,174,14,29,0,15,1,130,13
MALUKU UTARA,2020-06-03,176,2,30,1,16,1,130,0
MALUKU UTARA,2020-06-04,177,1,30,0,18,2,129,-1
MALUKU UTARA,2020-06-05,178,1,30,0,18,0,130,1
MALUKU UTARA,2020-06-06,185,7,33,3,18,0,134,4
MALUKU UTARA,2020-06-07,186,1,33,0,18,0,135,1
MALUKU UTARA,2020-06-08,186,0,33,0,18,0,135,0
MALUKU UTARA,2020-06-09,214,28,33,0,18,0,163,28
MALUKU UTARA,2020-06-10,227,13,37,4,18,0,172,9
MALUKU UTARA,2020-06-11,263,36,39,2,22,4,202,30
MALUKU UTARA,2020-06-12,285,22,40,1,22,0,223,21
MALUKU UTARA,2020-06-13,302,17,40,0,22,0,240,17
MALUKU UTARA,2020-06-14,310,8,48,8,22,0,240,0
MALUKU UTARA,2020-06-15,312,2,48,0,22,0,242,2
MALUKU UTARA,2020-06-16,315,3,48,0,22,0,245,3
MALUKU UTARA,2020-06-17,322,7,48,0,22,0,252,7
MALUKU UTARA,2020-06-18,343,21,49,1,22,0,272,20
MALUKU UTARA,2020-06-19,383,40,51,2,23,1,309,37
MALUKU UTARA,2020-06-20,400,17,56,5,23,0,321,12
MALUKU UTARA,2020-06-21,411,11,56,0,23,0,332,11
MALUKU UTARA,2020-06-22,431,20,70,14,25,2,336,4
MALUKU UTARA,2020-06-23,464,33,82,12,26,1,356,20
MALUKU UTARA,2020-06-24,560,96,88,6,26,0,446,90
MALUKU UTARA,2020-06-25,637,77,89,1,29,3,519,73
MALUKU UTARA,2020-06-26,671,34,97,8,31,2,543,24
MALUKU UTARA,2020-06-27,708,37,99,2,31,0,578,35
MALUKU UTARA,2020-06-28,719,11,103,4,31,0,585,7
MALUKU UTARA,2020-06-29,719,0,103,0,31,0,585,0
MALUKU UTARA,2020-06-30,728,9,105,2,31,0,592,7
MALUKU UTARA,2020-07-01,0,0,0,0,0,0,0,0
