provinsi,tanggal,AKUMULASI_KASUS,KASUS,AKUMULASI_SEMBUH,SEMBUH,AKUMULASI_MENINGGAL,MENINGGAL,AKUMULASI_DIRAWAT_OR_ISOLASI,DIRAWAT_OR_ISOLASI
MALUKU,2020-03-01,0,0,0,0,0,0,0,0
MALUKU,2020-03-02,0,0,0,0,0,0,0,0
MALUKU,2020-03-03,0,0,0,0,0,0,0,0
MALUKU,2020-03-04,0,0,0,0,0,0,0,0
MALUKU,2020-03-05,0,0,0,0,0,0,0,0
MALUKU,2020-03-06,0,0,0,0,0,0,0,0
MALUKU,2020-03-07,0,0,0,0,0,0,0,0
MALUKU,2020-03-08,0,0,0,0,0,0,0,0
MALUKU,2020-03-09,0,0,0,0,0,0,0,0
MALUKU,2020-03-10,0,0,0,0,0,0,0,0
MALUKU,2020-03-11,0,0,0,0,0,0,0,0
MALUKU,2020-03-12,0,0,0,0,0,0,0,0
MALUKU,2020-03-13,0,0,0,0,0,0,0,0
MALUKU,2020-03-14,0,0,0,0,0,0,0,0
MALUKU,2020-03-15,0,0,0,0,0,0,0,0
MALUKU,2020-03-16,0,0,0,0,0,0,0,0
MALUKU,2020-03-17,0,0,0,0,0,0,0,0
MALUKU,2020-03-18,0,0,0,0,0,0,0,0
MALUKU,2020-03-19,0,0,0,0,0,0,0,0
MALUKU,2020-03-20,0,0,0,0,0,0,0,0
MALUKU,2020-03-21,0,0,0,0,0,0,0,0
MALUKU,2020-03-22,1,1,0,0,0,0,1,1
MALUKU,2020-03-23,1,0,0,0,0,0,1,0
MALUKU,2020-03-24,1,0,0,0,0,0,1,0
MALUKU,2020-03-25,1,0,0,0,0,0,1,0
MALUKU,2020-03-26,1,0,0,0,0,0,1,0
MALUKU,2020-03-27,1,0,0,0,0,0,1,0
MALUKU,2020-03-28,1,0,0,0,0,0,1,0
MALUKU,2020-03-29,1,0,0,0,0,0,1,0
MALUKU,2020-03-30,1,0,0,0,0,0,1,0
MALUKU,2020-03-31,1,0,0,0,0,0,1,0
MALUKU,2020-04-01,1,0,0,0,0,0,1,0
MALUKU,2020-04-02,1,0,0,0,0,0,1,0
MALUKU,2020-04-03,1,0,0,0,0,0,1,0
MALUKU,2020-04-04,1,0,0,0,0,0,1,0
MALUKU,2020-04-05,1,0,0,0,0,0,1,0
MALUKU,2020-04-06,1,0,0,0,0,0,1,0
MALUKU,2020-04-07,1,0,0,0,0,0,1,0
MALUKU,2020-04-08,3,2,0,0,0,0,3,2
MALUKU,2020-04-09,3,0,0,0,0,0,3,0
MALUKU,2020-04-10,3,0,0,0,0,0,3,0
MALUKU,2020-04-11,3,0,0,0,0,0,3,0
MALUKU,2020-04-12,11,8,0,0,0,0,11,8
MALUKU,2020-04-13,11,0,0,0,0,0,11,0
MALUKU,2020-04-14,11,0,0,0,0,0,11,0
MALUKU,2020-04-15,14,3,0,0,0,0,14,3
MALUKU,2020-04-16,14,0,0,0,0,0,14,0
MALUKU,2020-04-17,14,0,0,0,0,0,14,0
MALUKU,2020-04-18,17,3,5,5,0,0,12,-2
MALUKU,2020-04-19,17,0,5,0,0,0,12,0
MALUKU,2020-04-20,17,0,9,4,0,0,8,-4
MALUKU,2020-04-21,17,0,9,0,0,0,8,0
MALUKU,2020-04-22,17,0,9,0,0,0,8,0
MALUKU,2020-04-23,17,0,9,0,0,0,8,0
MALUKU,2020-04-24,17,0,10,1,0,0,7,-1
MALUKU,2020-04-25,20,3,10,0,0,0,10,3
MALUKU,2020-04-26,20,0,10,0,0,0,10,0
MALUKU,2020-04-27,20,0,10,0,0,0,10,0
MALUKU,2020-04-28,22,2,11,1,0,0,11,1
MALUKU,2020-04-29,23,1,11,0,0,0,12,1
MALUKU,2020-04-30,23,0,11,0,0,0,12,0
MALUKU,2020-05-01,23,0,11,0,0,0,12,0
MALUKU,2020-05-02,23,0,11,0,0,0,12,0
MALUKU,2020-05-03,23,0,11,0,0,0,12,0
MALUKU,2020-05-04,23,0,11,0,0,0,12,0
MALUKU,2020-05-05,23,0,11,0,0,0,12,0
MALUKU,2020-05-06,23,0,11,0,2,2,10,-2
MALUKU,2020-05-07,23,0,11,0,2,0,10,0
MALUKU,2020-05-08,32,9,11,0,2,0,19,9
MALUKU,2020-05-09,32,0,11,0,2,0,19,0
MALUKU,2020-05-10,32,0,12,1,2,0,18,-1
MALUKU,2020-05-11,32,0,16,4,4,2,12,-6
MALUKU,2020-05-12,50,18,16,0,4,0,30,18
MALUKU,2020-05-13,50,0,16,0,4,0,30,0
MALUKU,2020-05-14,62,12,16,0,4,0,42,12
MALUKU,2020-05-15,62,0,16,0,4,0,42,0
MALUKU,2020-05-16,62,0,16,0,4,0,42,0
MALUKU,2020-05-17,84,22,20,4,6,2,58,16
MALUKU,2020-05-18,107,23,20,0,6,0,81,23
MALUKU,2020-05-19,107,0,20,0,6,0,81,0
MALUKU,2020-05-20,124,17,20,0,7,1,97,16
MALUKU,2020-05-21,135,11,21,1,7,0,107,10
MALUKU,2020-05-22,157,22,21,0,7,0,129,22
MALUKU,2020-05-23,157,0,21,0,7,0,129,0
MALUKU,2020-05-24,159,2,26,5,7,0,126,-3
MALUKU,2020-05-25,160,1,26,0,7,0,127,1
MALUKU,2020-05-26,160,0,26,0,7,0,127,0
MALUKU,2020-05-27,170,10,33,7,8,1,129,2
MALUKU,2020-05-28,188,18,34,1,8,0,146,17
MALUKU,2020-05-29,215,27,34,0,8,0,173,27
MALUKU,2020-05-30,215,0,35,1,8,0,172,-1
MALUKU,2020-05-31,223,8,35,0,8,0,180,8
MALUKU,2020-06-01,223,0,35,0,8,0,180,0
MALUKU,2020-06-02,223,0,54,19,8,0,161,-19
MALUKU,2020-06-03,238,15,54,0,8,0,176,15
MALUKU,2020-06-04,238,0,61,7,8,0,169,-7
MALUKU,2020-06-05,254,16,63,2,8,0,183,14
MALUKU,2020-06-06,261,7,66,3,8,0,187,4
MALUKU,2020-06-07,269,8,66,0,8,0,195,8
MALUKU,2020-06-08,307,38,79,13,8,0,220,25
MALUKU,2020-06-09,315,8,88,9,8,0,219,-1
MALUKU,2020-06-10,328,13,88,0,8,0,232,13
MALUKU,2020-06-11,328,0,88,0,8,0,232,0
MALUKU,2020-06-12,386,58,103,15,10,2,273,41
MALUKU,2020-06-13,399,13,104,1,10,0,285,12
MALUKU,2020-06-14,420,21,108,4,10,0,302,17
MALUKU,2020-06-15,452,32,108,0,11,1,333,31
MALUKU,2020-06-16,496,44,110,2,13,2,373,40
MALUKU,2020-06-17,520,24,112,2,13,0,395,22
MALUKU,2020-06-18,534,14,112,0,13,0,409,14
MALUKU,2020-06-19,544,10,135,23,13,0,396,-13
MALUKU,2020-06-20,581,37,160,25,13,0,408,12
MALUKU,2020-06-21,598,17,160,0,13,0,425,17
MALUKU,2020-06-22,633,35,163,3,13,0,457,32
MALUKU,2020-06-23,634,1,167,4,13,0,454,-3
MALUKU,2020-06-24,671,37,171,4,14,1,486,32
MALUKU,2020-06-25,684,13,189,18,14,0,481,-5
MALUKU,2020-06-26,691,7,195,6,15,1,481,0
MALUKU,2020-06-27,705,14,217,22,15,0,473,-8
MALUKU,2020-06-28,711,6,229,12,15,0,467,-6
MALUKU,2020-06-29,726,15,256,27,15,0,455,-12
