provinsi,tanggal,AKUMULASI_KASUS,KASUS,AKUMULASI_SEMBUH,SEMBUH,AKUMULASI_MENINGGAL,MENINGGAL,AKUMULASI_DIRAWAT_OR_ISOLASI,DIRAWAT_OR_ISOLASI
SULAWESI TENGGARA,2020-03-01,0,0,0,0,0,0,0,0
SULAWESI TENGGARA,2020-03-02,0,0,0,0,0,0,0,0
SULAWESI TENGGARA,2020-03-03,0,0,0,0,0,0,0,0
SULAWESI TENGGARA,2020-03-04,0,0,0,0,0,0,0,0
SULAWESI TENGGARA,2020-03-05,0,0,0,0,0,0,0,0
SULAWESI TENGGARA,2020-03-06,0,0,0,0,0,0,0,0
SULAWESI TENGGARA,2020-03-07,0,0,0,0,0,0,0,0
SULAWESI TENGGARA,2020-03-08,0,0,0,0,0,0,0,0
SULAWESI TENGGARA,2020-03-09,0,0,0,0,0,0,0,0
SULAWESI TENGGARA,2020-03-10,1,1,0,0,0,0,1,1
SULAWESI TENGGARA,2020-03-11,1,0,0,0,0,0,1,0
SULAWESI TENGGARA,2020-03-12,1,0,0,0,0,0,1,0
SULAWESI TENGGARA,2020-03-13,1,0,0,0,0,0,1,0
SULAWESI TENGGARA,2020-03-14,1,0,0,0,0,0,1,0
SULAWESI TENGGARA,2020-03-15,1,0,0,0,0,0,1,0
SULAWESI TENGGARA,2020-03-16,3,2,0,0,0,0,3,2
SULAWESI TENGGARA,2020-03-17,3,0,0,0,0,0,3,0
SULAWESI TENGGARA,2020-03-18,3,0,0,0,0,0,3,0
SULAWESI TENGGARA,2020-03-19,3,0,0,0,0,0,3,0
SULAWESI TENGGARA,2020-03-20,3,0,0,0,0,0,3,0
SULAWESI TENGGARA,2020-03-21,3,0,0,0,0,0,3,0
SULAWESI TENGGARA,2020-03-22,3,0,0,0,0,0,3,0
SULAWESI TENGGARA,2020-03-23,3,0,0,0,0,0,3,0
SULAWESI TENGGARA,2020-03-24,3,0,0,0,0,0,3,0
SULAWESI TENGGARA,2020-03-25,3,0,0,0,0,0,3,0
SULAWESI TENGGARA,2020-03-26,3,0,0,0,0,0,3,0
SULAWESI TENGGARA,2020-03-27,3,0,0,0,0,0,3,0
SULAWESI TENGGARA,2020-03-28,3,0,0,0,0,0,3,0
SULAWESI TENGGARA,2020-03-29,3,0,0,0,0,0,3,0
SULAWESI TENGGARA,2020-03-30,3,0,0,0,0,0,3,0
SULAWESI TENGGARA,2020-03-31,3,0,0,0,0,0,3,0
SULAWESI TENGGARA,2020-04-01,3,0,0,0,0,0,3,0
SULAWESI TENGGARA,2020-04-02,3,0,0,0,0,0,3,0
SULAWESI TENGGARA,2020-04-03,5,2,0,0,0,0,5,2
SULAWESI TENGGARA,2020-04-04,5,0,1,1,0,0,4,-1
SULAWESI TENGGARA,2020-04-05,5,0,1,0,0,0,4,0
SULAWESI TENGGARA,2020-04-06,6,1,1,0,0,0,5,1
SULAWESI TENGGARA,2020-04-07,6,0,1,0,0,0,5,0
SULAWESI TENGGARA,2020-04-08,10,4,1,0,0,0,9,4
SULAWESI TENGGARA,2020-04-09,15,5,1,0,0,0,14,5
SULAWESI TENGGARA,2020-04-10,15,0,1,0,0,0,14,0
SULAWESI TENGGARA,2020-04-11,16,1,1,0,1,1,14,0
SULAWESI TENGGARA,2020-04-12,16,0,1,0,1,0,14,0
SULAWESI TENGGARA,2020-04-13,16,0,1,0,1,0,14,0
SULAWESI TENGGARA,2020-04-14,16,0,1,0,1,0,14,0
SULAWESI TENGGARA,2020-04-15,24,8,4,3,1,0,19,5
SULAWESI TENGGARA,2020-04-16,27,3,4,0,1,0,22,3
SULAWESI TENGGARA,2020-04-17,27,0,4,0,1,0,22,0
SULAWESI TENGGARA,2020-04-18,27,0,4,0,2,1,21,-1
SULAWESI TENGGARA,2020-04-19,36,9,4,0,2,0,30,9
SULAWESI TENGGARA,2020-04-20,36,0,4,0,2,0,30,0
SULAWESI TENGGARA,2020-04-21,36,0,4,0,2,0,30,0
SULAWESI TENGGARA,2020-04-22,36,0,4,0,2,0,30,0
SULAWESI TENGGARA,2020-04-23,36,0,4,0,2,0,30,0
SULAWESI TENGGARA,2020-04-24,41,5,5,1,2,0,34,4
SULAWESI TENGGARA,2020-04-25,41,0,5,0,2,0,34,0
SULAWESI TENGGARA,2020-04-26,45,4,6,1,2,0,37,3
SULAWESI TENGGARA,2020-04-27,45,0,6,0,2,0,37,0
SULAWESI TENGGARA,2020-04-28,45,0,6,0,2,0,37,0
SULAWESI TENGGARA,2020-04-29,53,8,6,0,2,0,45,8
SULAWESI TENGGARA,2020-04-30,62,9,10,4,2,0,50,5
SULAWESI TENGGARA,2020-05-01,62,0,11,1,2,0,49,-1
SULAWESI TENGGARA,2020-05-02,64,2,11,0,2,0,51,2
SULAWESI TENGGARA,2020-05-03,64,0,11,0,3,1,50,-1
SULAWESI TENGGARA,2020-05-04,64,0,11,0,3,0,50,0
SULAWESI TENGGARA,2020-05-05,69,5,15,4,3,0,51,1
SULAWESI TENGGARA,2020-05-06,69,0,15,0,3,0,51,0
SULAWESI TENGGARA,2020-05-07,69,0,15,0,3,0,51,0
SULAWESI TENGGARA,2020-05-08,70,1,15,0,3,0,52,1
SULAWESI TENGGARA,2020-05-09,71,1,15,0,3,0,53,1
SULAWESI TENGGARA,2020-05-10,76,5,16,1,3,0,57,4
SULAWESI TENGGARA,2020-05-11,76,0,16,0,3,0,57,0
SULAWESI TENGGARA,2020-05-12,76,0,16,0,3,0,57,0
SULAWESI TENGGARA,2020-05-13,166,90,17,1,4,1,145,88
SULAWESI TENGGARA,2020-05-14,166,0,17,0,4,0,145,0
SULAWESI TENGGARA,2020-05-15,183,17,19,2,4,0,160,15
SULAWESI TENGGARA,2020-05-16,189,6,19,0,4,0,166,6
SULAWESI TENGGARA,2020-05-17,191,2,19,0,4,0,168,2
SULAWESI TENGGARA,2020-05-18,191,0,20,1,4,0,167,-1
SULAWESI TENGGARA,2020-05-19,202,11,25,5,4,0,173,6
SULAWESI TENGGARA,2020-05-20,202,0,25,0,4,0,173,0
SULAWESI TENGGARA,2020-05-21,202,0,25,0,4,0,173,0
SULAWESI TENGGARA,2020-05-22,211,9,30,5,4,0,177,4
SULAWESI TENGGARA,2020-05-23,215,4,51,21,4,0,160,-17
SULAWESI TENGGARA,2020-05-24,215,0,51,0,4,0,160,0
SULAWESI TENGGARA,2020-05-25,215,0,51,0,4,0,160,0
SULAWESI TENGGARA,2020-05-26,215,0,100,49,4,0,111,-49
SULAWESI TENGGARA,2020-05-27,226,11,108,8,4,0,114,3
SULAWESI TENGGARA,2020-05-28,240,14,109,1,4,0,127,13
SULAWESI TENGGARA,2020-05-29,241,1,112,3,4,0,125,-2
SULAWESI TENGGARA,2020-05-30,241,0,112,0,4,0,125,0
SULAWESI TENGGARA,2020-05-31,244,3,121,9,4,0,119,-6
SULAWESI TENGGARA,2020-06-01,244,0,121,0,4,0,119,0
SULAWESI TENGGARA,2020-06-02,244,0,124,3,4,0,116,-3
SULAWESI TENGGARA,2020-06-03,251,7,131,7,4,0,116,0
SULAWESI TENGGARA,2020-06-04,252,1,131,0,5,1,116,0
SULAWESI TENGGARA,2020-06-05,257,5,141,10,5,0,111,-5
SULAWESI TENGGARA,2020-06-06,257,0,144,3,5,0,108,-3
SULAWESI TENGGARA,2020-06-07,259,2,154,10,5,0,100,-8
SULAWESI TENGGARA,2020-06-08,259,0,155,1,5,0,99,-1
SULAWESI TENGGARA,2020-06-09,263,4,172,17,5,0,86,-13
SULAWESI TENGGARA,2020-06-10,266,3,174,2,5,0,87,1
SULAWESI TENGGARA,2020-06-11,272,6,178,4,5,0,89,2
SULAWESI TENGGARA,2020-06-12,277,5,180,2,5,0,92,3
SULAWESI TENGGARA,2020-06-13,279,2,190,10,5,0,84,-8
SULAWESI TENGGARA,2020-06-14,283,4,197,7,5,0,81,-3
SULAWESI TENGGARA,2020-06-15,286,3,199,2,5,0,82,1
SULAWESI TENGGARA,2020-06-16,291,5,203,4,5,0,83,1
SULAWESI TENGGARA,2020-06-17,292,1,203,0,5,0,84,1
SULAWESI TENGGARA,2020-06-18,326,34,203,0,5,0,118,34
SULAWESI TENGGARA,2020-06-19,329,3,204,1,5,0,120,2
SULAWESI TENGGARA,2020-06-20,332,3,214,10,5,0,113,-7
SULAWESI TENGGARA,2020-06-21,332,0,217,3,5,0,110,-3
SULAWESI TENGGARA,2020-06-22,334,2,217,0,5,0,112,2
SULAWESI TENGGARA,2020-06-23,336,2,218,1,5,0,113,1
SULAWESI TENGGARA,2020-06-24,337,1,219,1,5,0,113,0
SULAWESI TENGGARA,2020-06-25,337,0,219,0,5,0,113,0
SULAWESI TENGGARA,2020-06-26,340,3,221,2,5,0,114,1
SULAWESI TENGGARA,2020-06-27,343,3,221,0,6,1,116,2
SULAWESI TENGGARA,2020-06-28,343,0,221,0,6,0,116,0
SULAWESI TENGGARA,2020-06-29,345,2,222,1,6,0,117,1
SULAWESI TENGGARA,2020-06-30,363,18,234,12,6,0,123,6
SULAWESI TENGGARA,2020-07-01,405,42,235,1,6,0,164,41
SULAWESI TENGGARA,2020-07-02,463,58,247,12,7,1,209,45
SULAWESI TENGGARA,2020-07-03,475,12,257,10,7,0,211,2
SULAWESI TENGGARA,2020-07-04,479,4,261,4,7,0,211,0
SULAWESI TENGGARA,2020-07-05,0,0,0,0,0,0,0,0
