provinsi,tanggal,AKUMULASI_KASUS,KASUS,AKUMULASI_SEMBUH,SEMBUH,AKUMULASI_MENINGGAL,MENINGGAL,AKUMULASI_DIRAWAT_OR_ISOLASI,DIRAWAT_OR_ISOLASI
SUMATERA UTARA,2020-03-01,0,0,0,0,0,0,0,0
SUMATERA UTARA,2020-03-02,0,0,0,0,0,0,0,0
SUMATERA UTARA,2020-03-03,0,0,0,0,0,0,0,0
SUMATERA UTARA,2020-03-04,0,0,0,0,0,0,0,0
SUMATERA UTARA,2020-03-05,0,0,0,0,0,0,0,0
SUMATERA UTARA,2020-03-06,0,0,0,0,0,0,0,0
SUMATERA UTARA,2020-03-07,0,0,0,0,0,0,0,0
SUMATERA UTARA,2020-03-08,0,0,0,0,0,0,0,0
SUMATERA UTARA,2020-03-09,0,0,0,0,0,0,0,0
SUMATERA UTARA,2020-03-10,0,0,0,0,0,0,0,0
SUMATERA UTARA,2020-03-11,0,0,0,0,0,0,0,0
SUMATERA UTARA,2020-03-12,0,0,0,0,0,0,0,0
SUMATERA UTARA,2020-03-13,0,0,0,0,0,0,0,0
SUMATERA UTARA,2020-03-14,0,0,0,0,0,0,0,0
SUMATERA UTARA,2020-03-15,0,0,0,0,0,0,0,0
SUMATERA UTARA,2020-03-16,0,0,0,0,0,0,0,0
SUMATERA UTARA,2020-03-17,1,1,0,0,1,1,0,0
SUMATERA UTARA,2020-03-18,1,0,0,0,1,0,0,0
SUMATERA UTARA,2020-03-19,1,0,0,0,1,0,0,0
SUMATERA UTARA,2020-03-20,1,0,0,0,1,0,0,0
SUMATERA UTARA,2020-03-21,1,0,0,0,1,0,0,0
SUMATERA UTARA,2020-03-22,1,0,0,0,1,0,0,0
SUMATERA UTARA,2020-03-23,1,0,0,0,1,0,0,0
SUMATERA UTARA,2020-03-24,1,0,0,0,1,0,0,0
SUMATERA UTARA,2020-03-25,1,0,0,0,1,0,0,0
SUMATERA UTARA,2020-03-26,1,0,0,0,1,0,0,0
SUMATERA UTARA,2020-03-27,1,0,0,0,2,1,-1,-1
SUMATERA UTARA,2020-03-28,1,0,0,0,2,0,-1,0
SUMATERA UTARA,2020-03-29,1,0,0,0,2,0,-1,0
SUMATERA UTARA,2020-03-30,7,6,0,0,2,0,5,6
SUMATERA UTARA,2020-03-31,13,6,0,0,4,2,9,4
SUMATERA UTARA,2020-04-01,15,2,0,0,4,0,11,2
SUMATERA UTARA,2020-04-02,15,0,0,0,4,0,11,0
SUMATERA UTARA,2020-04-03,15,0,0,0,4,0,11,0
SUMATERA UTARA,2020-04-04,18,3,0,0,5,1,13,2
SUMATERA UTARA,2020-04-05,18,0,0,0,5,0,13,0
SUMATERA UTARA,2020-04-06,19,1,0,0,5,0,14,1
SUMATERA UTARA,2020-04-07,19,0,0,0,5,0,14,0
SUMATERA UTARA,2020-04-08,48,29,0,0,5,0,43,29
SUMATERA UTARA,2020-04-09,48,0,0,0,5,0,43,0
SUMATERA UTARA,2020-04-10,48,0,8,8,5,0,35,-8
SUMATERA UTARA,2020-04-11,48,0,8,0,8,3,32,-3
SUMATERA UTARA,2020-04-12,58,10,8,0,8,0,42,10
SUMATERA UTARA,2020-04-13,60,2,9,1,9,1,42,0
SUMATERA UTARA,2020-04-14,65,5,10,1,9,0,46,4
SUMATERA UTARA,2020-04-15,71,6,10,0,9,0,52,6
SUMATERA UTARA,2020-04-16,72,1,13,3,9,0,50,-2
SUMATERA UTARA,2020-04-17,72,0,13,0,9,0,50,0
SUMATERA UTARA,2020-04-18,72,0,13,0,9,0,50,0
SUMATERA UTARA,2020-04-19,74,2,13,0,9,0,52,2
SUMATERA UTARA,2020-04-20,76,2,14,1,10,1,52,0
SUMATERA UTARA,2020-04-21,77,1,14,0,10,0,53,1
SUMATERA UTARA,2020-04-22,86,9,21,7,10,0,55,2
SUMATERA UTARA,2020-04-23,88,2,21,0,11,1,56,1
SUMATERA UTARA,2020-04-24,89,1,21,0,11,0,57,1
SUMATERA UTARA,2020-04-25,98,9,21,0,12,1,65,8
SUMATERA UTARA,2020-04-26,104,6,28,7,12,0,64,-1
SUMATERA UTARA,2020-04-27,104,0,35,7,12,0,57,-7
SUMATERA UTARA,2020-04-28,104,0,35,0,13,1,56,-1
SUMATERA UTARA,2020-04-29,107,3,40,5,13,0,54,-2
SUMATERA UTARA,2020-04-30,110,3,41,1,14,1,55,1
SUMATERA UTARA,2020-05-01,110,0,41,0,14,0,55,0
SUMATERA UTARA,2020-05-02,110,0,41,0,14,0,55,0
SUMATERA UTARA,2020-05-03,116,6,41,0,14,0,61,6
SUMATERA UTARA,2020-05-04,122,6,41,0,14,0,67,6
SUMATERA UTARA,2020-05-05,123,1,43,2,14,0,66,-1
SUMATERA UTARA,2020-05-06,134,11,43,0,19,5,72,6
SUMATERA UTARA,2020-05-07,135,1,48,5,19,0,68,-4
SUMATERA UTARA,2020-05-08,150,15,48,0,19,0,83,15
SUMATERA UTARA,2020-05-09,172,22,48,0,24,5,100,17
SUMATERA UTARA,2020-05-10,172,0,48,0,24,0,100,0
SUMATERA UTARA,2020-05-11,189,17,48,0,27,3,114,14
SUMATERA UTARA,2020-05-12,191,2,53,5,27,0,111,-3
SUMATERA UTARA,2020-05-13,193,2,53,0,27,0,113,2
SUMATERA UTARA,2020-05-14,195,2,53,0,27,0,115,2
SUMATERA UTARA,2020-05-15,195,0,53,0,27,0,115,0
SUMATERA UTARA,2020-05-16,195,0,53,0,27,0,115,0
SUMATERA UTARA,2020-05-17,211,16,58,5,29,2,124,9
SUMATERA UTARA,2020-05-18,218,7,58,0,30,1,130,6
SUMATERA UTARA,2020-05-19,228,10,58,0,31,1,139,9
SUMATERA UTARA,2020-05-20,243,15,74,16,33,2,136,-3
SUMATERA UTARA,2020-05-21,266,23,74,0,34,1,158,22
SUMATERA UTARA,2020-05-22,278,12,102,28,35,1,141,-17
SUMATERA UTARA,2020-05-23,287,9,102,0,35,0,150,9
SUMATERA UTARA,2020-05-24,304,17,109,7,36,1,159,9
SUMATERA UTARA,2020-05-25,308,4,114,5,36,0,158,-1
SUMATERA UTARA,2020-05-26,308,0,114,0,36,0,158,0
SUMATERA UTARA,2020-05-27,325,17,116,2,37,1,172,14
SUMATERA UTARA,2020-05-28,355,30,118,2,38,1,199,27
SUMATERA UTARA,2020-05-29,393,38,118,0,38,0,237,38
SUMATERA UTARA,2020-05-30,399,6,123,5,42,4,234,-3
SUMATERA UTARA,2020-05-31,402,3,146,23,42,0,214,-20
SUMATERA UTARA,2020-06-01,410,8,149,3,42,0,219,5
SUMATERA UTARA,2020-06-02,411,1,151,2,42,0,218,-1
SUMATERA UTARA,2020-06-03,437,26,160,9,44,2,233,15
SUMATERA UTARA,2020-06-04,481,44,167,7,45,1,269,36
SUMATERA UTARA,2020-06-05,529,48,172,5,46,1,311,42
SUMATERA UTARA,2020-06-06,596,67,179,7,46,0,371,60
SUMATERA UTARA,2020-06-07,596,0,179,0,46,0,371,0
SUMATERA UTARA,2020-06-08,598,2,189,10,48,2,361,-10
SUMATERA UTARA,2020-06-09,610,12,189,0,52,4,369,8
SUMATERA UTARA,2020-06-10,628,18,193,4,53,1,382,13
SUMATERA UTARA,2020-06-11,673,45,205,12,56,3,412,30
SUMATERA UTARA,2020-06-12,756,83,205,0,57,1,494,82
SUMATERA UTARA,2020-06-13,854,98,205,0,59,2,590,96
SUMATERA UTARA,2020-06-14,862,8,212,7,59,0,591,1
SUMATERA UTARA,2020-06-15,925,63,216,4,64,5,645,54
SUMATERA UTARA,2020-06-16,950,25,222,6,66,2,662,17
SUMATERA UTARA,2020-06-17,963,13,227,5,66,0,670,8
SUMATERA UTARA,2020-06-18,986,23,234,7,66,0,686,16
SUMATERA UTARA,2020-06-19,1017,31,250,16,66,0,701,15
SUMATERA UTARA,2020-06-20,1075,58,255,5,68,2,752,51
SUMATERA UTARA,2020-06-21,1088,13,259,4,70,2,759,7
SUMATERA UTARA,2020-06-22,1108,20,263,4,73,3,772,13
SUMATERA UTARA,2020-06-23,1225,117,266,3,76,3,883,111
SUMATERA UTARA,2020-06-24,1280,55,274,8,79,3,927,44
SUMATERA UTARA,2020-06-25,1349,69,292,18,82,3,975,48
SUMATERA UTARA,2020-06-26,1363,14,356,64,86,4,921,-54
SUMATERA UTARA,2020-06-27,1438,75,374,18,91,5,973,52
SUMATERA UTARA,2020-06-28,1460,22,384,10,91,0,985,12
SUMATERA UTARA,2020-06-29,1472,12,401,17,91,0,980,-5
SUMATERA UTARA,2020-06-30,1544,72,406,5,92,1,1046,66
SUMATERA UTARA,2020-07-01,1594,50,418,12,97,5,1079,33
SUMATERA UTARA,2020-07-02,0,0,0,0,0,0,0,0
