date,total_confirmed,confirmed,total_recover,recover,total_death,death,total_active,active
2020-03-01,0,0,0,0,0,0,0,0
2020-03-12,0,0,0,0,0,0,0,0
2020-03-23,0,0,0,0,0,0,0,0
2020-04-03,1,1,0,0,0,0,1,1
2020-04-14,12,11,0,0,1,1,11,10
2020-04-25,15,3,6,6,1,0,8,-3
2020-05-06,23,8,14,8,2,1,7,-1
2020-05-17,60,37,18,4,2,0,40,33
2020-05-28,134,74,59,41,6,4,69,29
2020-06-08,214,80,126,67,8,2,80,11
2020-06-19,243,29,213,87,9,1,21,-59
2020-06-30,316,73,229,16,17,8,70,49
2020-07-11,363,47,238,9,17,0,108,38
