date,total_confirmed,confirmed,total_recover,recover,total_death,death,total_active,active
2020-03-01,0,0,0,0,0,0,0,0
2020-03-12,0,0,0,0,0,0,0,0
2020-03-23,0,0,0,0,0,0,0,0
2020-04-13,1,1,0,0,0,0,1,1
2020-04-24,1,0,1,1,0,0,0,-1
2020-05-05,12,11,1,0,0,0,11,11
2020-05-16,47,35,2,1,1,1,44,33
2020-05-27,85,38,9,7,1,0,75,31
2020-06-07,97,12,14,5,1,0,82,7
2020-06-18,108,11,40,26,1,0,67,-15
2020-06-29,113,5,40,0,1,0,72,5
2020-07-08,121,8,91,51,1,0,29,-43
2020-07-11,0,0,0,0,0,0,0,0
