date,total_confirmed,confirmed,total_recover,recover,total_death,death,total_active,active
2020-03-01,0,0,0,0,0,0,0,0
2020-03-02,0,0,0,0,0,0,0,0
2020-03-03,0,0,0,0,0,0,0,0
2020-03-04,0,0,0,0,0,0,0,0
2020-03-05,0,0,0,0,0,0,0,0
2020-03-06,0,0,0,0,0,0,0,0
2020-03-07,0,0,0,0,0,0,0,0
2020-03-08,0,0,0,0,0,0,0,0
2020-03-09,0,0,0,0,0,0,0,0
2020-03-10,0,0,0,0,0,0,0,0
2020-03-11,0,0,0,0,0,0,0,0
2020-03-12,0,0,0,0,0,0,0,0
2020-03-13,0,0,0,0,0,0,0,0
2020-03-14,0,0,0,0,0,0,0,0
2020-03-15,0,0,0,0,0,0,0,0
2020-03-16,0,0,0,0,0,0,0,0
2020-03-17,0,0,0,0,0,0,0,0
2020-03-18,0,0,0,0,0,0,0,0
2020-03-19,0,0,0,0,0,0,0,0
2020-03-20,0,0,0,0,0,0,0,0
2020-03-21,0,0,0,0,0,0,0,0
2020-03-22,0,0,0,0,0,0,0,0
2020-03-23,0,0,0,0,0,0,0,0
2020-03-24,0,0,0,0,0,0,0,0
2020-03-25,0,0,0,0,0,0,0,0
2020-03-26,0,0,0,0,0,0,0,0
2020-03-27,0,0,0,0,0,0,0,0
2020-03-28,0,0,0,0,0,0,0,0
2020-03-29,1,1,0,0,0,0,1,1
2020-03-30,10,9,0,0,0,0,10,9
2020-03-31,10,0,3,3,0,0,7,-3
2020-04-01,16,6,5,2,0,0,11,4
2020-04-02,16,0,5,0,0,0,11,0
2020-04-03,19,3,5,0,0,0,14,3
2020-04-04,24,5,5,0,0,0,19,5
2020-04-05,27,3,13,8,0,0,14,-5
2020-04-06,34,7,13,0,0,0,21,7
2020-04-07,34,0,13,0,0,0,21,0
2020-04-08,40,6,13,0,0,0,27,6
2020-04-09,54,14,13,0,0,0,41,14
2020-04-10,66,12,14,1,0,0,52,11
2020-04-11,70,4,14,0,0,0,56,4
2020-04-12,72,2,14,0,0,0,58,2
2020-04-13,77,5,15,1,0,0,62,4
2020-04-14,83,6,16,1,0,0,67,5
2020-04-15,89,6,16,0,0,0,73,6
2020-04-16,104,15,25,9,0,0,79,6
2020-04-17,115,11,30,5,0,0,85,6
2020-04-18,122,7,30,0,0,0,92,7
2020-04-19,126,4,32,2,1,1,93,1
2020-04-20,131,5,36,4,1,0,94,1
2020-04-21,141,10,36,0,1,0,104,10
2020-04-22,143,2,41,5,2,1,100,-4
2020-04-23,158,15,49,8,2,0,107,7
2020-04-24,168,10,51,2,2,0,115,8
2020-04-25,174,6,64,13,2,0,108,-7
2020-04-26,177,3,69,5,2,0,106,-2
2020-04-27,184,7,75,6,2,0,107,1
2020-04-28,206,22,82,7,2,0,122,15
2020-04-29,206,0,90,8,2,0,114,-8
2020-04-30,213,7,107,17,2,0,104,-10
2020-05-01,226,13,115,8,2,0,109,5
2020-05-02,228,2,123,8,2,0,103,-6
2020-05-03,253,25,145,22,2,0,106,3
2020-05-04,262,9,153,8,2,0,107,1
2020-05-05,268,6,154,1,2,0,112,5
2020-05-06,268,0,160,6,2,0,106,-6
2020-05-07,278,10,177,17,2,0,99,-7
2020-05-08,291,13,189,12,2,0,100,1
2020-05-09,297,6,191,2,2,0,104,4
2020-05-10,302,5,198,7,2,0,102,-2
2020-05-11,305,3,204,6,2,0,99,-3
2020-05-12,319,14,209,5,2,0,108,9
2020-05-13,323,4,214,5,2,0,107,-1
2020-05-14,328,5,217,3,2,0,109,2
2020-05-15,334,6,226,9,2,0,106,-3
2020-05-16,337,3,237,11,2,0,98,-8
2020-05-17,339,2,243,6,2,0,94,-4
2020-05-18,350,11,250,7,2,0,98,4
2020-05-19,354,4,260,10,2,0,92,-6
2020-05-20,362,8,269,9,2,0,91,-1
2020-05-21,365,3,273,4,2,0,90,-1
2020-05-22,371,6,277,4,2,0,92,2
2020-05-23,379,8,280,3,2,0,97,5
2020-05-24,385,6,286,6,2,0,97,0
2020-05-25,387,2,288,2,2,0,97,0
2020-05-26,398,11,288,0,2,0,108,11
2020-05-27,406,8,295,7,2,0,109,1
2020-05-28,411,5,307,12,2,0,102,-7
2020-05-29,434,23,313,6,2,0,119,17
2020-05-30,446,12,321,8,2,0,123,4
2020-05-31,456,10,322,1,2,0,132,9
2020-06-01,473,17,327,5,3,1,143,11
2020-06-02,478,5,327,0,3,0,148,5
2020-06-03,481,3,342,15,3,0,136,-12
2020-06-04,501,20,357,15,3,0,141,5
2020-06-05,515,14,362,5,3,0,150,9
2020-06-06,548,33,364,2,3,0,181,31
2020-06-07,573,25,366,2,3,0,204,23
2020-06-08,585,12,370,4,3,0,212,8
2020-06-09,599,14,402,32,3,0,194,-18
2020-06-10,631,32,405,3,3,0,223,29
2020-06-11,650,19,417,12,3,0,230,7
2020-06-12,686,36,441,24,3,0,242,12
2020-06-13,714,28,455,14,4,1,255,13
2020-06-14,732,18,467,12,4,0,261,6
2020-06-15,751,19,495,28,4,0,252,-9
2020-06-16,773,22,503,8,4,0,266,14
2020-06-17,820,47,535,32,4,0,281,15
2020-06-18,885,65,546,11,4,0,335,54
2020-06-19,966,81,559,13,4,0,403,68
2020-06-20,1001,35,582,23,5,1,414,11
2020-06-21,1036,35,599,17,7,2,430,16
2020-06-22,1067,31,611,12,7,0,449,19
2020-06-23,1102,35,635,24,7,0,460,11
2020-06-24,1145,43,642,7,7,0,496,36
2020-06-25,1201,56,653,11,9,2,539,43
2020-06-26,1250,49,726,73,9,0,515,-24
2020-06-27,1357,107,747,21,9,0,601,86
2020-06-28,1402,45,767,20,11,2,624,23
2020-06-29,1430,28,779,12,11,0,640,16
2020-06-30,1479,49,794,15,12,1,673,33
2020-07-01,1511,32,855,61,13,1,643,-30
2020-07-02,1625,114,870,15,14,1,741,98
2020-07-03,1691,66,908,38,14,0,769,28
2020-07-04,1783,92,932,24,16,2,835,66
2020-07-05,1835,52,962,30,18,2,855,20
2020-07-06,1885,50,969,7,21,3,895,40
2020-07-07,1924,39,1029,60,23,2,872,-23
2020-07-08,1954,30,1074,45,23,0,857,-15
2020-07-09,2007,53,1166,92,24,1,817,-40
2020-07-10,2093,86,1197,31,24,0,872,55
2020-07-11,2128,35,1348,151,25,1,755,-117
2020-07-12,2173,45,1406,58,25,0,742,-13
2020-07-13,2236,63,1503,97,25,0,708,-34
2020-07-14,2337,101,1567,64,25,0,745,37
2020-07-15,2401,64,1608,41,27,2,766,21
2020-07-16,2513,112,1713,105,30,3,770,4
2020-07-17,2598,85,1801,88,33,3,764,-6
2020-07-18,2669,71,1867,66,34,1,768,4
2020-07-19,2723,54,1982,115,38,4,703,-65
2020-07-20,2759,36,2049,67,42,4,668,-35
2020-07-21,2847,88,2103,54,44,2,700,32
2020-07-22,2924,77,2171,68,44,0,709,9
2020-07-23,2986,62,2245,74,46,2,695,-14
2020-07-24,3048,62,2315,70,46,0,687,-8
2020-07-25,3104,56,2401,86,46,0,657,-30
2020-07-26,3147,43,2482,81,46,0,619,-38
2020-07-27,3210,63,2563,81,46,0,601,-18
2020-07-28,3240,30,2620,57,46,0,574,-27
2020-07-29,3301,61,2704,84,46,0,551,-23
2020-07-30,3351,50,2781,77,46,0,524,-27
2020-07-31,3398,47,2869,88,46,0,483,-41
2020-08-01,3439,41,2917,48,46,0,476,-7
2020-08-02,3479,40,2964,47,46,0,469,-7
2020-08-03,3520,41,3019,55,46,0,455,-14
2020-08-04,3569,49,3078,59,46,0,445,-10
2020-08-05,3608,39,3123,45,46,0,439,-6
2020-08-06,3635,27,3161,38,46,0,428,-11
2020-08-07,3673,38,3201,40,47,1,425,-3
2020-08-08,3711,38,3233,32,47,0,431,6
2020-08-09,3770,59,3262,29,47,0,461,30
2020-08-10,3808,38,3301,39,47,0,460,-1
2020-08-11,3853,45,3349,48,47,0,457,-3
2020-08-12,3883,30,3381,32,47,0,455,-2
2020-08-13,3918,35,3418,37,47,0,453,-2
2020-08-14,3971,53,3477,59,47,0,447,-6
2020-08-15,4015,44,3519,42,47,0,449,2
2020-08-16,4056,41,3571,52,48,1,437,-12
2020-08-17,4101,45,3617,46,48,0,436,-1
2020-08-18,4149,48,3641,24,49,1,459,23
2020-08-19,4211,62,3694,53,49,0,468,9
2020-08-20,4283,72,3744,50,49,0,490,22
2020-08-21,4359,76,3807,63,49,0,503,13
2020-08-22,4437,78,3874,67,50,1,513,10
2020-08-23,4504,67,3946,72,50,0,508,-5
2020-08-24,4567,63,4000,54,50,0,517,9
2020-08-25,4641,74,4051,51,52,2,538,21
2020-08-26,4717,76,4108,57,54,2,555,17
2020-08-27,4799,82,4182,74,56,2,561,6
2020-08-28,4892,93,4253,71,58,2,581,20
2020-08-29,4980,88,4320,67,60,2,600,19
2020-08-30,5069,89,4348,28,63,3,658,58
2020-08-31,5198,129,4427,79,66,3,705,47
2020-09-01,5358,160,4527,100,68,2,763,58
2020-09-02,5527,169,4628,101,73,5,826,63
2020-09-03,0,0,0,0,0,0,0,0
