date,total_confirmed,confirmed,total_recover,recover,total_death,death,total_active,active
2020-03-01,2,2,0,0,0,0,2,2
2020-03-02,4,2,0,0,0,0,4,2
2020-03-03,6,2,0,0,0,0,6,2
2020-03-04,8,2,0,0,0,0,8,2
2020-03-05,8,0,0,0,1,1,7,-1
2020-03-06,8,0,0,0,1,0,7,0
2020-03-07,8,0,0,0,3,2,5,-2
2020-03-08,8,0,0,0,3,0,5,0
2020-03-09,8,0,0,0,4,1,4,-1
2020-03-10,8,0,0,0,4,0,4,0
2020-03-11,8,0,0,0,4,0,4,0
2020-03-12,8,0,4,4,5,1,-1,-5
2020-03-13,8,0,7,3,6,1,-5,-4
2020-03-14,9,1,8,1,7,1,-6,-1
2020-03-15,15,6,8,0,10,3,-3,3
2020-03-16,15,0,8,0,13,3,-6,-3
2020-03-17,16,1,8,0,14,1,-6,0
2020-03-18,16,0,8,0,15,1,-7,-1
2020-03-19,17,1,9,1,15,0,-7,0
2020-03-20,18,1,10,1,18,3,-10,-3
2020-03-21,18,0,16,6,21,3,-19,-9
2020-03-22,18,0,19,3,21,0,-22,-3
2020-03-23,18,0,19,0,21,0,-22,0
2020-03-24,18,0,22,3,40,19,-44,-22
2020-03-25,18,0,22,0,41,1,-45,-1
2020-03-26,74,56,22,0,43,2,9,54
2020-03-27,142,68,28,6,50,7,64,55
2020-03-28,183,41,37,9,59,9,87,23
2020-03-29,232,49,37,0,69,10,126,39
2020-03-30,263,31,37,0,76,7,150,24
2020-03-31,305,42,37,0,85,9,183,33
2020-04-01,364,59,37,0,86,1,241,58
2020-04-02,433,69,39,2,91,5,303,62
2020-04-03,503,70,41,2,97,6,365,62
2020-04-04,558,55,46,5,105,8,407,42
2020-04-05,643,85,48,2,116,11,479,72
2020-04-06,741,98,55,7,123,7,563,84
2020-04-07,851,110,58,3,137,14,656,93
2020-04-08,937,86,63,5,145,8,729,73
2020-04-09,1163,226,68,5,179,34,916,187
2020-04-10,1212,49,72,4,190,11,950,34
2020-04-11,1397,185,79,7,200,10,1118,168
2020-04-12,1519,122,116,37,233,33,1170,52
2020-04-13,1653,134,117,1,240,7,1296,126
2020-04-14,1775,122,117,0,250,10,1408,112
2020-04-15,1903,128,137,20,259,9,1507,99
2020-04-16,2077,174,137,0,260,1,1680,173
2020-04-17,2216,139,172,35,267,7,1777,97
2020-04-18,2316,100,173,1,274,7,1869,92
2020-04-19,2414,98,198,25,277,3,1939,70
2020-04-20,2484,70,205,7,282,5,1997,58
2020-04-21,2633,149,264,59,284,2,2085,88
2020-04-22,2741,108,272,8,285,1,2184,99
2020-04-23,2863,122,276,4,285,0,2302,118
2020-04-24,2941,78,277,1,285,0,2379,77
2020-04-25,3019,78,284,7,303,18,2432,53
2020-04-26,3123,104,285,1,310,7,2528,96
2020-04-27,3188,65,286,1,323,13,2579,51
2020-04-28,3312,124,308,22,326,3,2678,99
2020-04-29,3398,86,382,74,326,0,2690,12
2020-04-30,3481,83,428,46,326,0,2727,37
2020-05-01,3616,135,430,2,330,4,2856,129
2020-05-02,3686,70,454,24,347,17,2885,29
2020-05-03,3744,58,566,112,352,5,2826,-59
2020-05-04,3816,72,569,3,360,8,2887,61
2020-05-05,3947,131,635,66,361,1,2951,64
2020-05-06,4050,103,672,37,366,5,3012,61
2020-05-07,4132,82,675,3,374,8,3083,71
2020-05-08,4228,96,675,0,375,1,3178,95
2020-05-09,4326,98,680,5,378,3,3268,90
2020-05-10,4450,124,729,49,384,6,3337,69
2020-05-11,4530,80,738,9,390,6,3402,65
2020-05-12,4624,94,845,107,392,2,3387,-15
2020-05-13,4802,178,941,96,398,6,3463,76
2020-05-14,4932,130,1075,134,400,2,3457,-6
2020-05-15,5014,82,1181,106,407,7,3426,-31
2020-05-16,5114,100,1199,18,407,0,3508,82
2020-05-17,5241,127,1210,11,410,3,3621,113
2020-05-18,5320,79,1210,0,410,0,3700,79
2020-05-19,5413,93,1231,21,417,7,3765,65
2020-05-20,5497,84,1234,3,418,1,3845,80
2020-05-21,5566,69,1364,130,426,8,3776,-69
2020-05-22,5669,103,1419,55,455,29,3795,19
2020-05-23,5780,111,1473,54,456,1,3851,56
2020-05-24,5892,112,1493,20,456,0,3943,92
2020-05-25,5967,75,1558,65,456,0,3953,10
2020-05-26,6054,87,1571,13,456,0,4027,74
2020-05-27,6162,108,1587,16,464,8,4111,84
2020-05-28,6262,100,1607,20,464,0,4191,80
2020-05-29,6386,124,1645,38,464,0,4277,86
2020-05-30,6489,103,1898,253,471,7,4120,-157
2020-05-31,6601,112,1968,70,472,1,4161,41
2020-06-01,6754,153,2153,185,474,2,4127,-34
2020-06-02,6813,59,2273,120,474,0,4066,-61
2020-06-03,6901,88,2454,181,479,5,3968,-98
2020-06-04,7008,107,2475,21,479,0,4054,86
2020-06-05,7078,70,2613,138,480,1,3985,-69
2020-06-06,7191,113,2699,86,480,0,4012,27
2020-06-07,7355,164,2984,285,484,4,3887,-125
2020-06-08,7443,88,3059,75,484,0,3900,13
2020-06-09,7679,236,3221,162,488,4,3970,70
2020-06-10,7845,166,3362,141,490,2,3993,23
2020-06-11,7976,131,3508,146,491,1,3977,-16
2020-06-12,8067,91,3625,117,495,4,3947,-30
2020-06-13,8188,121,3682,57,503,8,4003,56
2020-06-14,8306,118,3928,246,511,8,3867,-136
2020-06-15,8447,141,4038,110,513,2,3896,29
2020-06-16,8543,96,4170,132,513,0,3860,-36
2020-06-17,8665,122,4285,115,518,5,3862,2
2020-06-18,8835,170,4414,129,548,30,3873,11
2020-06-19,8967,132,4540,126,549,1,3878,5
2020-06-20,9156,189,4662,122,557,8,3937,59
2020-06-21,9297,141,4894,232,558,1,3845,-92
2020-06-22,9420,123,4968,74,558,0,3894,49
2020-06-23,9580,160,5077,109,566,8,3937,43
2020-06-24,9732,152,5172,95,574,8,3986,49
2020-06-25,9913,181,5390,218,583,9,3940,-46
2020-06-26,10110,197,5390,0,587,4,4133,193
2020-06-27,10302,192,5458,68,595,8,4249,116
2020-06-28,10434,132,5713,255,596,1,4125,-124
2020-06-29,10556,122,5965,252,596,0,3995,-130
2020-06-30,10738,182,6358,393,604,8,3776,-219
2020-07-01,10953,215,6525,167,604,0,3824,48
2020-07-02,11153,200,6716,191,610,6,3827,3
2020-07-03,11290,137,6955,239,615,5,3720,-107
2020-07-04,11508,218,7222,267,615,0,3671,-49
2020-07-05,11763,255,7508,286,620,5,3635,-36
2020-07-06,11984,221,7881,373,620,0,3483,-152
2020-07-07,12177,193,8123,242,632,12,3422,-61
2020-07-08,12527,350,8270,147,637,5,3620,198
2020-07-09,12804,277,8491,221,643,6,3670,50
2020-07-10,13056,252,8671,180,643,0,3742,72
2020-07-11,13439,383,8886,215,653,10,3900,158
2020-07-12,13828,389,9045,159,663,10,4120,220
2020-07-13,14109,281,9253,208,669,6,4187,67
2020-07-14,14375,266,9373,120,673,4,4329,142
2020-07-15,14626,251,9565,192,678,5,4383,54
2020-07-16,14935,309,9700,135,685,7,4550,167
2020-07-17,15192,257,9839,139,691,6,4662,112
2020-07-18,15531,339,9959,120,699,8,4873,211
2020-07-19,15850,319,10285,326,708,9,4857,-16
2020-07-20,16231,381,10438,153,717,9,5076,219
2020-07-21,16663,432,10704,266,725,8,5234,158
2020-07-22,17050,387,11069,365,730,5,5251,17
2020-07-23,17512,462,11237,168,732,2,5543,292
2020-07-24,17805,293,11504,267,736,4,5565,22
2020-07-25,18174,369,11678,174,736,0,5760,195
2020-07-26,18558,384,11839,161,740,4,5979,219
2020-07-27,19059,501,11950,111,750,10,6359,380
2020-07-28,19468,409,12324,374,765,15,6379,20
2020-07-29,20085,617,12571,247,779,14,6735,356
2020-07-30,20482,397,12759,188,798,19,6925,190
2020-07-31,20912,430,13164,405,812,14,6936,11
2020-08-01,21280,368,13843,679,824,12,6613,-323
2020-08-02,21657,377,13984,141,824,0,6849,236
2020-08-03,22129,472,14118,134,840,16,7171,322
2020-08-04,22539,410,14340,222,854,14,7345,174
2020-08-05,22893,354,14719,379,868,14,7306,-39
2020-08-06,23449,556,14965,246,881,13,7603,297
2020-08-07,24114,665,15161,196,893,12,8060,457
2020-08-08,24800,686,15670,509,904,11,8226,166
2020-08-09,25240,440,16228,558,910,6,8102,-124
2020-08-10,25675,435,16406,178,912,2,8357,255
2020-08-11,26137,462,16590,184,924,12,8623,266
2020-08-12,26666,529,17408,818,939,15,8319,-304
2020-08-13,27274,608,17807,399,950,11,8517,198
2020-08-14,27812,538,18499,692,954,4,8359,-158
2020-08-15,28395,583,19025,526,960,6,8410,51
2020-08-16,28913,518,19678,653,961,1,8274,-136
2020-08-17,29465,552,19887,209,975,14,8603,329
2020-08-18,29978,513,20475,588,994,19,8509,-94
2020-08-19,30529,551,21043,568,1012,18,8474,-35
2020-08-20,31123,594,21770,727,1028,16,8325,-149
2020-08-21,31780,657,22203,433,1043,15,8534,209
2020-08-22,32368,588,22851,648,1060,17,8457,-77
2020-08-23,32982,614,23540,689,1077,17,8365,-92
2020-08-24,33615,633,25431,1891,1093,16,7091,-1274
2020-08-25,34253,638,25955,524,1108,15,7190,99
2020-08-26,34966,713,26717,762,1115,7,7134,-56
2020-08-27,35726,760,28254,1537,1126,11,6346,-788
2020-08-28,36595,869,29133,879,1136,10,6326,-20
2020-08-29,37456,861,29731,598,1154,18,6571,245
2020-08-30,38550,1094,30097,366,1163,9,7290,719
2020-08-31,39599,1049,30499,402,1177,14,7923,633
2020-09-01,40500,901,31228,729,1194,17,8078,155
2020-09-02,41554,1054,31702,474,1211,17,8641,563
2020-09-03,0,0,0,0,0,0,0,0
