date,total_confirmed,confirmed,total_recover,recover,total_death,death,total_active,active
2020-03-01,3,3,0,0,0,0,3,3
2020-03-02,3,0,0,0,0,0,3,0
2020-03-03,4,1,0,0,1,1,3,0
2020-03-04,5,1,0,0,1,0,4,1
2020-03-05,5,0,0,0,1,0,4,0
2020-03-06,6,1,0,0,1,0,5,1
2020-03-07,6,0,0,0,1,0,5,0
2020-03-08,6,0,0,0,1,0,5,0
2020-03-09,6,0,0,0,1,0,5,0
2020-03-10,6,0,0,0,1,0,5,0
2020-03-11,7,1,0,0,2,1,5,0
2020-03-12,8,1,0,0,2,0,6,1
2020-03-13,12,4,4,4,2,0,6,0
2020-03-14,12,0,4,0,2,0,6,0
2020-03-15,12,0,4,0,2,0,6,0
2020-03-16,13,1,4,0,2,0,7,1
2020-03-17,24,11,4,0,2,0,18,11
2020-03-18,29,5,5,1,3,1,21,3
2020-03-19,36,7,5,0,4,1,27,6
2020-03-20,52,16,5,0,6,2,41,14
2020-03-21,57,5,5,0,6,0,46,5
2020-03-22,60,3,5,0,9,3,46,0
2020-03-23,68,8,5,0,11,2,52,6
2020-03-24,69,1,6,1,12,1,51,-1
2020-03-25,73,4,6,0,12,0,55,4
2020-03-26,81,8,6,0,12,0,63,8
2020-03-27,108,27,6,0,16,4,86,23
2020-03-28,131,23,7,1,18,2,106,20
2020-03-29,164,33,8,1,20,2,136,30
2020-03-30,189,25,11,3,20,0,158,22
2020-03-31,198,9,11,0,20,0,167,9
2020-04-01,223,25,11,0,20,0,192,25
2020-04-02,246,23,12,1,24,4,210,18
2020-04-03,248,2,14,2,25,1,209,-1
2020-04-04,273,25,14,0,27,2,232,23
2020-04-05,283,10,14,0,27,0,242,10
2020-04-06,303,20,15,1,28,1,260,18
2020-04-07,383,80,18,3,28,0,337,77
2020-04-08,408,25,19,1,33,5,356,19
2020-04-09,429,21,21,2,39,6,369,13
2020-04-10,440,11,21,0,39,0,380,11
2020-04-11,485,45,22,1,40,1,423,43
2020-04-12,518,33,25,3,44,4,449,26
2020-04-13,595,77,28,3,54,10,513,64
2020-04-14,600,5,29,1,54,0,517,4
2020-04-15,637,37,30,1,57,3,550,33
2020-04-16,659,22,35,5,58,1,566,16
2020-04-17,724,65,51,16,61,3,612,46
2020-04-18,739,15,51,0,61,0,627,15
2020-04-19,793,54,60,9,62,1,671,44
2020-04-20,820,27,64,4,65,3,691,20
2020-04-21,838,18,87,23,70,5,681,-10
2020-04-22,846,8,90,3,73,3,683,2
2020-04-23,873,27,99,9,76,3,698,15
2020-04-24,947,74,102,3,78,2,767,69
2020-04-25,994,47,105,3,78,0,811,44
2020-04-26,1006,12,106,1,78,0,822,11
2020-04-27,1046,40,109,3,79,1,858,36
2020-04-28,1065,19,116,7,80,1,869,11
2020-04-29,1105,40,123,7,80,0,902,33
2020-04-30,1110,5,160,37,84,4,866,-36
2020-05-01,1114,4,163,3,84,0,867,1
2020-05-02,1150,36,166,3,85,1,899,32
2020-05-03,1164,14,174,8,86,1,904,5
2020-05-04,1351,187,181,7,89,3,1081,177
2020-05-05,1403,52,191,10,90,1,1122,41
2020-05-06,1424,21,202,11,93,3,1129,7
2020-05-07,1477,53,210,8,93,0,1174,45
2020-05-08,1507,30,211,1,95,2,1201,27
2020-05-09,1538,31,230,19,98,3,1210,9
2020-05-10,1538,0,230,0,98,0,1210,0
2020-05-11,1593,55,241,11,101,3,1251,41
2020-05-12,1646,53,245,4,101,0,1300,49
2020-05-13,1654,8,272,27,101,0,1281,-19
2020-05-14,1664,10,279,7,102,1,1283,2
2020-05-15,1697,33,297,18,103,1,1297,14
2020-05-16,1721,24,299,2,103,0,1319,22
2020-05-17,1753,32,357,58,113,10,1283,-36
2020-05-18,1775,22,434,77,127,14,1214,-69
2020-05-19,1797,22,448,14,128,1,1221,7
2020-05-20,1940,143,450,2,128,0,1362,141
2020-05-21,2010,70,461,11,128,0,1421,59
2020-05-22,2049,39,474,13,130,2,1445,24
2020-05-23,2106,57,515,41,132,2,1459,14
2020-05-24,2152,46,526,11,133,1,1493,34
2020-05-25,2173,21,530,4,133,0,1510,17
2020-05-26,2190,17,556,26,142,9,1492,-18
2020-05-27,2213,23,592,36,147,5,1474,-18
2020-05-28,2238,25,638,46,147,0,1453,-21
2020-05-29,2278,40,645,7,148,1,1485,32
2020-05-30,2298,20,679,34,150,2,1469,-16
2020-05-31,2336,38,688,9,150,0,1498,29
2020-06-01,2377,41,696,8,150,0,1531,33
2020-06-02,2395,18,732,36,157,7,1506,-25
2020-06-03,2399,4,789,57,160,3,1450,-56
2020-06-04,2407,8,809,20,161,1,1437,-13
2020-06-05,2422,15,858,49,164,3,1400,-37
2020-06-06,2435,13,876,18,164,0,1395,-5
2020-06-07,2469,34,982,106,164,0,1323,-72
2020-06-08,2492,23,1057,75,167,3,1268,-55
2020-06-09,2521,29,1072,15,167,0,1282,14
2020-06-10,2573,52,1110,38,167,0,1296,14
2020-06-11,2621,48,1131,21,167,0,1323,27
2020-06-12,2636,15,1177,46,167,0,1292,-31
2020-06-13,2648,12,1213,36,167,0,1268,-24
2020-06-14,2663,15,1257,44,167,0,1239,-29
2020-06-15,2687,24,1264,7,168,1,1255,16
2020-06-16,2724,37,1275,11,168,0,1281,26
2020-06-17,2767,43,1303,28,175,7,1289,8
2020-06-18,2818,51,1356,53,177,2,1285,-4
2020-06-19,2881,63,1386,30,177,0,1318,33
2020-06-20,2900,19,1387,1,177,0,1336,18
2020-06-21,2922,22,1389,2,177,0,1356,20
2020-06-22,2940,18,1413,24,177,0,1350,-6
2020-06-23,2972,32,1443,30,177,0,1352,2
2020-06-24,3018,46,1453,10,177,0,1388,36
2020-06-25,3059,41,1520,67,179,2,1360,-28
2020-06-26,3094,35,1631,111,181,2,1282,-78
2020-06-27,3143,49,1646,15,181,0,1316,34
2020-06-28,3168,25,1655,9,181,0,1332,16
2020-06-29,3211,43,1658,3,181,0,1372,40
2020-06-30,3286,75,1742,84,182,1,1362,-10
2020-07-01,3344,58,1757,15,183,1,1404,42
2020-07-02,3409,65,1802,45,183,0,1424,20
2020-07-03,3442,33,1806,4,183,0,1453,29
2020-07-04,3528,86,1828,22,183,0,1517,64
2020-07-05,3635,107,1845,17,183,0,1607,90
2020-07-06,3764,129,1867,22,184,1,1713,106
2020-07-07,3844,80,1911,44,186,2,1747,34
2020-07-08,3939,95,1936,25,188,2,1815,68
2020-07-09,4903,964,1964,28,192,4,2747,932
2020-07-10,5012,109,1999,35,192,0,2821,74
2020-07-11,5086,74,2028,29,193,1,2865,44
2020-07-12,5131,45,2037,9,193,0,2901,36
2020-07-13,5218,87,2056,19,193,0,2969,68
2020-07-14,5295,77,2090,34,194,1,3011,42
2020-07-15,5369,74,2237,147,195,1,2937,-74
2020-07-16,5408,39,2255,18,195,0,2958,21
2020-07-17,5461,53,2288,33,196,1,2977,19
2020-07-18,5519,58,2306,18,197,1,3016,39
2020-07-19,5543,24,2310,4,197,0,3036,20
2020-07-20,5602,59,2404,94,197,0,3001,-35
2020-07-21,5666,64,2436,32,201,4,3029,28
2020-07-22,5698,32,2459,23,201,0,3038,9
2020-07-23,5762,64,2472,13,202,1,3088,50
2020-07-24,5851,89,2491,19,202,0,3158,70
2020-07-25,5922,71,2524,33,202,0,3196,38
2020-07-26,5970,48,2547,23,202,0,3221,25
2020-07-27,6027,57,2953,406,202,0,2872,-349
2020-07-28,6160,133,3560,607,202,0,2398,-474
2020-07-29,6257,97,3608,48,204,2,2445,47
2020-07-30,6401,144,3942,334,206,2,2253,-192
2020-07-31,6471,70,3959,17,206,0,2306,53
2020-08-01,6532,61,3978,19,206,0,2348,42
2020-08-02,6589,57,3985,7,206,0,2398,50
2020-08-03,6643,54,4032,47,206,0,2405,7
2020-08-04,6736,93,4202,170,211,5,2323,-82
2020-08-05,6860,124,4211,9,211,0,2438,115
2020-08-06,6943,83,4243,32,212,1,2488,50
2020-08-07,7094,151,4306,63,216,4,2572,84
2020-08-08,7335,241,4346,40,219,3,2770,198
2020-08-09,7512,177,4411,65,223,4,2878,108
2020-08-10,7545,33,4438,27,223,0,2884,6
2020-08-11,7640,95,4477,39,227,4,2936,52
2020-08-12,7746,106,4548,71,228,1,2970,34
2020-08-13,7856,110,4565,17,229,1,3062,92
2020-08-14,8214,358,4585,20,230,1,3399,337
2020-08-15,8443,229,4621,36,230,0,3592,193
2020-08-16,8521,78,4662,41,232,2,3627,35
2020-08-17,8565,44,4707,45,233,1,3625,-2
2020-08-18,8610,45,4723,16,233,0,3654,29
2020-08-19,8714,104,4771,48,237,4,3706,52
2020-08-20,8911,197,4842,71,239,2,3830,124
2020-08-21,9004,93,4965,123,247,8,3792,-38
2020-08-22,9160,156,5146,181,253,6,3761,-31
2020-08-23,9228,68,5662,516,254,1,3312,-449
2020-08-24,9361,133,5870,208,257,3,3234,-78
2020-08-25,9620,259,5875,5,258,1,3487,253
2020-08-26,9799,179,5905,30,258,0,3636,149
2020-08-27,9953,154,5992,87,258,0,3703,67
2020-08-28,10517,564,6059,67,260,2,4198,495
2020-08-29,10806,289,6067,8,260,0,4479,281
