date,total_confirmed,confirmed,total_recover,recover,total_death,death,total_active,active
2020-03-01,0,0,0,0,0,0,0,0
2020-03-02,0,0,0,0,0,0,0,0
2020-03-03,0,0,0,0,0,0,0,0
2020-03-04,0,0,0,0,0,0,0,0
2020-03-05,0,0,0,0,0,0,0,0
2020-03-06,0,0,0,0,0,0,0,0
2020-03-07,0,0,0,0,0,0,0,0
2020-03-08,0,0,0,0,0,0,0,0
2020-03-09,0,0,0,0,0,0,0,0
2020-03-10,0,0,0,0,0,0,0,0
2020-03-11,0,0,0,0,0,0,0,0
2020-03-12,0,0,0,0,0,0,0,0
2020-03-13,0,0,0,0,0,0,0,0
2020-03-14,0,0,0,0,0,0,0,0
2020-03-15,0,0,0,0,0,0,0,0
2020-03-16,0,0,0,0,0,0,0,0
2020-03-17,0,0,0,0,0,0,0,0
2020-03-18,0,0,0,0,0,0,0,0
2020-03-19,0,0,0,0,0,0,0,0
2020-03-20,0,0,0,0,0,0,0,0
2020-03-21,0,0,0,0,0,0,0,0
2020-03-22,0,0,0,0,0,0,0,0
2020-03-23,0,0,0,0,0,0,0,0
2020-03-24,0,0,0,0,0,0,0,0
2020-03-25,0,0,0,0,0,0,0,0
2020-03-26,0,0,0,0,0,0,0,0
2020-03-27,0,0,0,0,0,0,0,0
2020-03-28,0,0,0,0,0,0,0,0
2020-03-29,5,5,2,2,0,0,3,3
2020-03-30,6,1,2,0,0,0,4,1
2020-03-31,6,0,2,0,0,0,4,0
2020-04-01,7,1,2,0,0,0,5,1
2020-04-02,7,0,2,0,1,1,4,-1
2020-04-03,7,0,2,0,1,0,4,0
2020-04-04,7,0,2,0,1,0,4,0
2020-04-05,7,0,2,0,1,0,4,0
2020-04-06,7,0,2,0,1,0,4,0
2020-04-07,7,0,3,1,1,0,3,-1
2020-04-08,7,0,3,0,1,0,3,0
2020-04-09,7,0,3,0,1,0,3,0
2020-04-10,7,0,3,0,1,0,3,0
2020-04-11,7,0,3,0,1,0,3,0
2020-04-12,10,3,3,0,1,0,6,3
2020-04-13,10,0,3,0,1,0,6,0
2020-04-14,10,0,5,2,1,0,4,-2
2020-04-15,10,0,5,0,1,0,4,0
2020-04-16,18,8,5,0,1,0,12,8
2020-04-17,18,0,5,0,1,0,12,0
2020-04-18,18,0,5,0,1,0,12,0
2020-04-19,18,0,5,0,1,0,12,0
2020-04-20,18,0,5,0,1,0,12,0
2020-04-21,24,6,6,1,1,0,17,5
2020-04-22,28,4,7,1,1,0,20,3
2020-04-23,47,19,7,0,1,0,39,19
2020-04-24,47,0,7,0,1,0,39,0
2020-04-25,48,1,7,0,1,0,40,1
2020-04-26,48,0,7,0,1,0,40,0
2020-04-27,48,0,7,0,1,0,40,0
2020-04-28,48,0,7,0,1,0,40,0
2020-04-29,55,7,7,0,1,0,47,7
2020-04-30,55,0,7,0,1,0,47,0
2020-05-01,58,3,7,0,1,0,50,3
2020-05-02,65,7,7,0,1,0,57,7
2020-05-03,67,2,7,0,1,0,59,2
2020-05-04,70,3,7,0,1,0,62,3
2020-05-05,70,0,7,0,1,0,62,0
2020-05-06,87,17,10,3,1,0,76,14
2020-05-07,92,5,10,0,1,0,81,5
2020-05-08,92,0,10,0,1,0,81,0
2020-05-09,115,23,10,0,1,0,104,23
2020-05-10,117,2,10,0,1,0,106,2
2020-05-11,117,0,10,0,1,0,106,0
2020-05-12,120,3,19,9,1,0,100,-6
2020-05-13,126,6,21,2,2,1,103,3
2020-05-14,126,0,21,0,2,0,103,0
2020-05-15,126,0,21,0,2,0,103,0
2020-05-16,128,2,21,0,2,0,105,2
2020-05-17,129,1,23,2,2,0,104,-1
2020-05-18,129,0,31,8,2,0,96,-8
2020-05-19,129,0,31,0,2,0,96,0
2020-05-20,129,0,31,0,2,0,96,0
2020-05-21,130,1,36,5,2,0,92,-4
2020-05-22,137,7,37,1,2,0,98,6
2020-05-23,165,28,37,0,2,0,126,28
2020-05-24,165,0,37,0,2,0,126,0
2020-05-25,172,7,42,5,2,0,128,2
2020-05-26,173,1,43,1,2,0,128,0
2020-05-27,180,7,43,0,2,0,135,7
2020-05-28,181,1,43,0,2,0,136,1
2020-05-29,181,0,46,3,2,0,133,-3
2020-05-30,181,0,46,0,2,0,133,0
2020-05-31,186,5,51,5,2,0,133,0
2020-06-01,193,7,54,3,2,0,137,4
2020-06-02,193,0,54,0,2,0,137,0
2020-06-03,199,6,78,24,2,0,119,-18
2020-06-04,199,0,93,15,2,0,104,-15
2020-06-05,202,3,108,15,2,0,92,-12
2020-06-06,207,5,113,5,2,0,92,0
2020-06-07,207,0,113,0,2,0,92,0
2020-06-08,207,0,116,3,2,0,89,-3
2020-06-09,231,24,117,1,2,0,112,23
2020-06-10,242,11,137,20,2,0,103,-9
2020-06-11,242,0,144,7,2,0,96,-7
2020-06-12,264,22,145,1,2,0,117,21
2020-06-13,264,0,149,4,2,0,113,-4
2020-06-14,265,1,158,9,2,0,105,-8
2020-06-15,265,0,165,7,2,0,98,-7
2020-06-16,267,2,166,1,2,0,99,1
2020-06-17,279,12,166,0,2,0,111,12
2020-06-18,279,0,172,6,2,0,105,-6
2020-06-19,293,14,185,13,2,0,106,1
2020-06-20,295,2,194,9,2,0,99,-7
2020-06-21,295,0,215,21,2,0,78,-21
2020-06-22,295,0,218,3,2,0,75,-3
2020-06-23,310,15,222,4,2,0,86,11
2020-06-24,310,0,227,5,2,0,81,-5
2020-06-25,310,0,234,7,2,0,74,-7
2020-06-26,310,0,240,6,2,0,68,-6
2020-06-27,318,8,250,10,2,0,66,-2
2020-06-28,318,0,258,8,2,0,58,-8
2020-06-29,318,0,262,4,2,0,54,-4
2020-06-30,318,0,267,5,2,0,49,-5
2020-07-01,333,15,270,3,2,0,61,12
2020-07-02,333,0,270,0,2,0,61,0
2020-07-03,333,0,276,6,2,0,55,-6
2020-07-04,333,0,280,4,2,0,51,-4
2020-07-05,336,3,299,19,2,0,35,-16
2020-07-06,336,0,299,0,2,0,35,0
2020-07-07,341,5,304,5,2,0,35,0
2020-07-08,341,0,305,1,2,0,34,-1
2020-07-09,344,3,307,2,2,0,35,1
2020-07-10,344,0,307,0,2,0,35,0
2020-07-11,344,0,326,19,2,0,16,-19
2020-07-12,347,3,326,0,2,0,19,3
2020-07-13,352,5,327,1,2,0,23,4
2020-07-14,352,0,339,12,2,0,11,-12
2020-07-15,352,0,339,0,2,0,11,0
2020-07-16,356,4,340,1,2,0,14,3
2020-07-17,356,0,340,0,2,0,14,0
2020-07-18,356,0,346,6,2,0,8,-6
2020-07-19,356,0,350,4,2,0,4,-4
2020-07-20,356,0,350,0,2,0,4,0
2020-07-21,356,0,350,0,2,0,4,0
2020-07-22,356,0,354,4,2,0,0,-4
2020-07-23,356,0,354,0,2,0,0,0
2020-07-24,356,0,354,0,2,0,0,0
2020-07-25,362,6,354,0,2,0,6,6
2020-07-26,362,0,354,0,2,0,6,0
2020-07-27,362,0,354,0,2,0,6,0
2020-07-28,378,16,354,0,2,0,22,16
2020-07-29,378,0,354,0,2,0,22,0
2020-07-30,378,0,354,0,2,0,22,0
2020-07-31,384,6,354,0,2,0,28,6
2020-08-01,384,0,354,0,2,0,28,0
2020-08-02,384,0,354,0,2,0,28,0
2020-08-03,384,0,354,0,2,0,28,0
2020-08-04,384,0,370,16,2,0,12,-16
2020-08-05,384,0,370,0,2,0,12,0
2020-08-06,391,7,370,0,2,0,19,7
2020-08-07,394,3,373,3,2,0,19,0
2020-08-08,394,0,373,0,2,0,19,0
2020-08-09,407,13,379,6,2,0,26,7
2020-08-10,413,6,379,0,2,0,32,6
2020-08-11,417,4,379,0,2,0,36,4
2020-08-12,426,9,379,0,2,0,45,9
2020-08-13,436,10,397,18,2,0,37,-8
2020-08-14,441,5,398,1,2,0,41,4
2020-08-15,444,3,404,6,2,0,38,-3
2020-08-16,444,0,406,2,2,0,36,-2
2020-08-17,444,0,406,0,2,0,36,0
2020-08-18,449,5,408,2,2,0,39,3
2020-08-19,453,4,409,1,2,0,42,3
2020-08-20,468,15,423,14,2,0,43,1
2020-08-21,497,29,423,0,2,0,72,29
2020-08-22,530,33,428,5,2,0,100,28
2020-08-23,563,33,447,19,2,0,114,14
2020-08-24,575,12,447,0,2,0,126,12
2020-08-25,602,27,447,0,2,0,153,27
2020-08-26,602,0,467,20,2,0,133,-20
2020-08-27,608,6,508,41,2,0,98,-35
2020-08-28,608,0,508,0,2,0,98,0
2020-08-29,624,16,539,31,2,0,83,-15
2020-08-30,642,18,539,0,3,1,100,17
2020-08-31,642,0,556,17,3,0,83,-17
2020-09-01,650,8,556,0,3,0,91,8
2020-09-02,656,6,577,21,3,0,76,-15
2020-09-03,671,15,587,10,3,0,81,5
2020-09-04,682,11,599,12,3,0,80,-1
2020-09-05,688,6,613,14,4,1,71,-9
2020-09-06,701,13,613,0,4,0,84,13
2020-09-07,0,0,0,0,0,0,0,0
