date,total_confirmed,confirmed,total_recover,recover,total_death,death,total_active,active
2020-03-01,0,0,0,0,0,0,0,0
2020-03-02,0,0,0,0,0,0,0,0
2020-03-03,0,0,0,0,0,0,0,0
2020-03-04,0,0,0,0,0,0,0,0
2020-03-05,0,0,0,0,0,0,0,0
2020-03-06,0,0,0,0,0,0,0,0
2020-03-07,0,0,0,0,0,0,0,0
2020-03-08,0,0,0,0,0,0,0,0
2020-03-09,0,0,0,0,0,0,0,0
2020-03-10,0,0,0,0,0,0,0,0
2020-03-11,0,0,0,0,0,0,0,0
2020-03-12,0,0,0,0,0,0,0,0
2020-03-13,0,0,0,0,0,0,0,0
2020-03-14,0,0,0,0,0,0,0,0
2020-03-15,0,0,0,0,0,0,0,0
2020-03-16,0,0,0,0,0,0,0,0
2020-03-17,0,0,0,0,0,0,0,0
2020-03-18,0,0,0,0,0,0,0,0
2020-03-19,0,0,0,0,0,0,0,0
2020-03-20,0,0,0,0,0,0,0,0
2020-03-21,0,0,0,0,0,0,0,0
2020-03-22,1,1,0,0,0,0,1,1
2020-03-23,1,0,0,0,0,0,1,0
2020-03-24,1,0,0,0,0,0,1,0
2020-03-25,1,0,0,0,0,0,1,0
2020-03-26,1,0,0,0,0,0,1,0
2020-03-27,1,0,0,0,0,0,1,0
2020-03-28,1,0,0,0,0,0,1,0
2020-03-29,1,0,0,0,0,0,1,0
2020-03-30,1,0,0,0,0,0,1,0
2020-03-31,1,0,0,0,0,0,1,0
2020-04-01,1,0,0,0,0,0,1,0
2020-04-02,1,0,0,0,0,0,1,0
2020-04-03,1,0,0,0,0,0,1,0
2020-04-04,1,0,0,0,0,0,1,0
2020-04-05,1,0,0,0,0,0,1,0
2020-04-06,1,0,0,0,0,0,1,0
2020-04-07,1,0,0,0,0,0,1,0
2020-04-08,3,2,0,0,0,0,3,2
2020-04-09,3,0,0,0,0,0,3,0
2020-04-10,3,0,0,0,0,0,3,0
2020-04-11,3,0,0,0,0,0,3,0
2020-04-12,11,8,0,0,0,0,11,8
2020-04-13,11,0,0,0,0,0,11,0
2020-04-14,11,0,0,0,0,0,11,0
2020-04-15,14,3,0,0,0,0,14,3
2020-04-16,14,0,0,0,0,0,14,0
2020-04-17,14,0,0,0,0,0,14,0
2020-04-18,17,3,5,5,0,0,12,-2
2020-04-19,17,0,5,0,0,0,12,0
2020-04-20,17,0,9,4,0,0,8,-4
2020-04-21,17,0,9,0,0,0,8,0
2020-04-22,17,0,9,0,0,0,8,0
2020-04-23,17,0,9,0,0,0,8,0
2020-04-24,17,0,10,1,0,0,7,-1
2020-04-25,20,3,10,0,0,0,10,3
2020-04-26,20,0,10,0,0,0,10,0
2020-04-27,20,0,10,0,0,0,10,0
2020-04-28,22,2,11,1,0,0,11,1
2020-04-29,23,1,11,0,0,0,12,1
2020-04-30,23,0,11,0,0,0,12,0
2020-05-01,23,0,11,0,0,0,12,0
2020-05-02,23,0,11,0,0,0,12,0
2020-05-03,23,0,11,0,0,0,12,0
2020-05-04,23,0,11,0,0,0,12,0
2020-05-05,23,0,11,0,0,0,12,0
2020-05-06,23,0,11,0,2,2,10,-2
2020-05-07,23,0,11,0,2,0,10,0
2020-05-08,32,9,11,0,2,0,19,9
2020-05-09,32,0,11,0,2,0,19,0
2020-05-10,32,0,12,1,2,0,18,-1
2020-05-11,32,0,16,4,4,2,12,-6
2020-05-12,50,18,16,0,4,0,30,18
2020-05-13,50,0,16,0,4,0,30,0
2020-05-14,62,12,16,0,4,0,42,12
2020-05-15,62,0,16,0,4,0,42,0
2020-05-16,62,0,16,0,4,0,42,0
2020-05-17,84,22,20,4,6,2,58,16
2020-05-18,107,23,20,0,6,0,81,23
2020-05-19,107,0,20,0,6,0,81,0
2020-05-20,124,17,20,0,7,1,97,16
2020-05-21,135,11,21,1,7,0,107,10
2020-05-22,157,22,21,0,7,0,129,22
2020-05-23,157,0,21,0,7,0,129,0
2020-05-24,159,2,26,5,7,0,126,-3
2020-05-25,160,1,26,0,7,0,127,1
2020-05-26,160,0,26,0,7,0,127,0
2020-05-27,170,10,33,7,8,1,129,2
2020-05-28,188,18,34,1,8,0,146,17
2020-05-29,215,27,34,0,8,0,173,27
2020-05-30,215,0,35,1,8,0,172,-1
2020-05-31,223,8,35,0,8,0,180,8
2020-06-01,223,0,35,0,8,0,180,0
2020-06-02,223,0,54,19,8,0,161,-19
2020-06-03,238,15,54,0,8,0,176,15
2020-06-04,238,0,61,7,8,0,169,-7
2020-06-05,254,16,63,2,8,0,183,14
2020-06-06,261,7,66,3,8,0,187,4
2020-06-07,269,8,66,0,8,0,195,8
2020-06-08,307,38,79,13,8,0,220,25
2020-06-09,315,8,88,9,8,0,219,-1
2020-06-10,328,13,88,0,8,0,232,13
2020-06-11,328,0,88,0,8,0,232,0
2020-06-12,386,58,103,15,10,2,273,41
2020-06-13,399,13,104,1,10,0,285,12
2020-06-14,420,21,108,4,10,0,302,17
2020-06-15,452,32,108,0,11,1,333,31
2020-06-16,496,44,110,2,13,2,373,40
2020-06-17,520,24,112,2,13,0,395,22
2020-06-18,534,14,112,0,13,0,409,14
2020-06-19,544,10,135,23,13,0,396,-13
2020-06-20,581,37,160,25,13,0,408,12
2020-06-21,598,17,160,0,13,0,425,17
2020-06-22,633,35,163,3,13,0,457,32
2020-06-23,634,1,167,4,13,0,454,-3
2020-06-24,671,37,171,4,14,1,486,32
2020-06-25,684,13,189,18,14,0,481,-5
2020-06-26,691,7,195,6,15,1,481,0
2020-06-27,705,14,217,22,15,0,473,-8
2020-06-28,711,6,229,12,15,0,467,-6
2020-06-29,726,15,256,27,15,0,455,-12
2020-06-30,742,16,263,7,16,1,463,8
2020-07-01,749,7,281,18,16,0,452,-11
2020-07-02,762,13,306,25,17,1,439,-13
2020-07-03,769,7,315,9,17,0,437,-2
2020-07-04,775,6,374,59,17,0,384,-53
2020-07-05,794,19,376,2,17,0,401,17
2020-07-06,804,10,380,4,17,0,407,6
2020-07-07,830,26,413,33,17,0,400,-7
2020-07-08,837,7,465,52,17,0,355,-45
2020-07-09,845,8,486,21,17,0,342,-13
2020-07-10,858,13,508,22,17,0,333,-9
2020-07-11,864,6,538,30,17,0,309,-24
2020-07-12,874,10,563,25,17,0,294,-15
2020-07-13,900,26,567,4,17,0,316,22
2020-07-14,900,0,567,0,17,0,316,0
2020-07-15,920,20,578,11,17,0,325,9
2020-07-16,926,6,597,19,17,0,312,-13
2020-07-17,928,2,598,1,17,0,313,1
2020-07-18,929,1,598,0,18,1,313,0
2020-07-19,960,31,602,4,20,2,338,25
2020-07-20,979,19,612,10,20,0,347,9
2020-07-21,998,19,621,9,20,0,357,10
2020-07-22,998,0,621,0,20,0,357,0
2020-07-23,1010,12,628,7,20,0,362,5
2020-07-24,1010,0,631,3,20,0,359,-3
2020-07-25,1016,6,631,0,20,0,365,6
2020-07-26,1045,29,633,2,21,1,391,26
2020-07-27,1045,0,640,7,21,0,384,-7
2020-07-28,1068,23,680,40,22,1,366,-18
2020-07-29,1069,1,696,16,22,0,351,-15
2020-07-30,1093,24,698,2,23,1,372,21
2020-07-31,1093,0,698,0,23,0,372,0
2020-08-01,1124,31,742,44,23,0,359,-13
2020-08-02,1135,11,747,5,23,0,365,6
2020-08-03,1135,0,749,2,23,0,363,-2
2020-08-04,1146,11,755,6,23,0,368,5
2020-08-05,1175,29,767,12,23,0,385,17
2020-08-06,1221,46,778,11,25,2,418,33
2020-08-07,1292,71,785,7,25,0,482,64
2020-08-08,1298,6,789,4,25,0,484,2
2020-08-09,1330,32,790,1,25,0,515,31
2020-08-10,1345,15,802,12,25,0,518,3
2020-08-11,1347,2,855,53,25,0,467,-51
2020-08-12,1367,20,884,29,25,0,458,-9
2020-08-13,1406,39,908,24,25,0,473,15
2020-08-14,1416,10,909,1,25,0,482,9
2020-08-15,1448,32,936,27,28,3,484,2
2020-08-16,1495,47,945,9,28,0,522,38
2020-08-17,1521,26,945,0,29,1,547,25
2020-08-18,1530,9,973,28,30,1,527,-20
2020-08-19,1553,23,994,21,30,0,529,2
2020-08-20,1611,58,994,0,31,1,586,57
2020-08-21,1611,0,994,0,31,0,586,0
2020-08-22,1615,4,996,2,31,0,588,2
2020-08-23,1669,54,996,0,31,0,642,54
2020-08-24,1677,8,1006,10,31,0,640,-2
2020-08-25,1742,65,1051,45,32,1,659,19
2020-08-26,1748,6,1082,31,33,1,633,-26
2020-08-27,1781,33,1098,16,33,0,650,17
2020-08-28,1785,4,1099,1,33,0,653,3
2020-08-29,1812,27,1101,2,33,0,678,25
2020-08-30,1832,20,1101,0,33,0,698,20
2020-08-31,1857,25,1157,56,33,0,667,-31
2020-09-01,1900,43,1195,38,33,0,672,5
2020-09-02,1910,10,1205,10,34,1,671,-1
2020-09-03,1961,51,1222,17,34,0,705,34
2020-09-04,2004,43,1247,25,34,0,723,18
2020-09-05,2064,60,1265,18,35,1,764,41
2020-09-06,2144,80,1287,22,36,1,821,57
2020-09-07,2164,20,1316,29,36,0,812,-9
2020-09-08,2206,42,1363,47,36,0,807,-5
2020-09-09,2228,22,1374,11,36,0,818,11
2020-09-10,2248,20,1374,0,36,0,838,20
2020-09-11,2365,117,1412,38,36,0,917,79
2020-09-12,2377,12,1419,7,38,2,920,3
2020-09-13,2434,57,1419,0,38,0,977,57
2020-09-14,2465,31,1512,93,38,0,915,-62
2020-09-15,2481,16,1525,13,38,0,918,3
2020-09-16,2500,19,1525,0,38,0,937,19
2020-09-17,2503,3,1525,0,38,0,940,3
2020-09-18,2510,7,1584,59,38,0,888,-52
2020-09-19,2551,41,1629,45,38,0,884,-4
2020-09-20,2566,15,1629,0,38,0,899,15
2020-09-21,2615,49,1631,2,39,1,945,46
