date,total_confirmed,confirmed,total_recover,recover,total_death,death,total_active,active
2020-03-01,0,0,0,0,0,0,0,0
2020-03-02,0,0,0,0,0,0,0,0
2020-03-03,0,0,0,0,0,0,0,0
2020-03-04,0,0,0,0,0,0,0,0
2020-03-05,0,0,0,0,0,0,0,0
2020-03-06,0,0,0,0,0,0,0,0
2020-03-07,0,0,0,0,0,0,0,0
2020-03-08,0,0,0,0,0,0,0,0
2020-03-09,0,0,0,0,0,0,0,0
2020-03-10,0,0,0,0,0,0,0,0
2020-03-11,0,0,0,0,0,0,0,0
2020-03-12,0,0,0,0,0,0,0,0
2020-03-13,0,0,0,0,0,0,0,0
2020-03-14,0,0,0,0,0,0,0,0
2020-03-15,0,0,0,0,0,0,0,0
2020-03-16,0,0,0,0,0,0,0,0
2020-03-17,0,0,0,0,0,0,0,0
2020-03-18,0,0,0,0,0,0,0,0
2020-03-19,0,0,0,0,0,0,0,0
2020-03-20,0,0,0,0,0,0,0,0
2020-03-21,0,0,0,0,0,0,0,0
2020-03-22,0,0,0,0,0,0,0,0
2020-03-23,0,0,0,0,0,0,0,0
2020-03-24,0,0,0,0,0,0,0,0
2020-03-25,0,0,0,0,0,0,0,0
2020-03-26,0,0,0,0,0,0,0,0
2020-03-27,0,0,0,0,0,0,0,0
2020-03-28,1,1,0,0,0,0,1,1
2020-03-29,1,0,0,0,0,0,1,0
2020-03-30,1,0,0,0,0,0,1,0
2020-03-31,4,3,0,0,0,0,4,3
2020-04-01,4,0,0,0,0,0,4,0
2020-04-02,10,6,0,0,0,0,10,6
2020-04-03,11,1,0,0,0,0,11,1
2020-04-04,11,0,1,1,0,0,10,-1
2020-04-05,15,4,1,0,0,0,14,4
2020-04-06,15,0,1,0,0,0,14,0
2020-04-07,15,0,1,0,0,0,14,0
2020-04-08,15,0,1,0,0,0,14,0
2020-04-09,16,1,1,0,0,0,15,1
2020-04-10,17,1,1,0,0,0,16,1
2020-04-11,17,0,1,0,0,0,16,0
2020-04-12,17,0,3,2,0,0,14,-2
2020-04-13,17,0,3,0,0,0,14,0
2020-04-14,18,1,3,0,0,0,15,1
2020-04-15,21,3,3,0,0,0,18,3
2020-04-16,39,18,3,0,0,0,36,18
2020-04-17,53,14,3,0,0,0,50,14
2020-04-18,83,30,3,0,1,1,79,29
2020-04-19,88,5,3,0,1,0,84,5
2020-04-20,88,0,3,0,1,0,84,0
2020-04-21,88,0,3,0,1,0,84,0
2020-04-22,88,0,3,0,1,0,84,0
2020-04-23,92,4,4,1,1,0,87,3
2020-04-24,105,13,6,2,1,0,98,11
2020-04-25,118,13,16,10,1,0,101,3
2020-04-26,128,10,16,0,1,0,111,10
2020-04-27,128,0,20,4,1,0,107,-4
2020-04-28,142,14,23,3,1,0,118,11
2020-04-29,143,1,23,0,1,0,119,1
2020-04-30,149,6,23,0,1,0,125,6
2020-05-01,155,6,28,5,1,0,126,1
2020-05-02,155,0,28,0,3,2,124,-2
2020-05-03,183,28,35,7,3,0,145,21
2020-05-04,183,0,42,7,4,1,137,-8
2020-05-05,198,15,46,4,4,0,148,11
2020-05-06,209,11,46,0,5,1,158,10
2020-05-07,226,17,48,2,7,2,171,13
2020-05-08,226,0,48,0,8,1,170,-1
2020-05-09,277,51,54,6,8,0,215,45
2020-05-10,277,0,63,9,11,3,203,-12
2020-05-11,277,0,63,0,11,0,203,0
2020-05-12,278,1,72,9,12,1,194,-9
2020-05-13,321,43,72,0,14,2,235,41
2020-05-14,438,117,72,0,15,1,351,116
2020-05-15,454,16,72,0,16,1,366,15
2020-05-16,454,0,72,0,16,0,366,0
2020-05-17,520,66,72,0,19,3,429,63
2020-05-18,536,16,76,4,21,2,439,10
2020-05-19,593,57,76,0,21,0,496,57
2020-05-20,643,50,77,1,23,2,543,47
2020-05-21,671,28,94,17,24,1,553,10
2020-05-22,690,19,99,5,25,1,566,13
2020-05-23,722,32,101,2,28,3,593,27
2020-05-24,733,11,111,10,28,0,594,1
2020-05-25,805,72,113,2,28,0,664,70
2020-05-26,863,58,113,0,28,0,722,58
2020-05-27,911,48,121,8,29,1,761,39
2020-05-28,938,27,135,14,29,0,774,13
2020-05-29,950,12,135,0,30,1,785,11
2020-05-30,961,11,201,66,34,4,726,-59
2020-05-31,980,19,212,11,34,0,734,8
2020-06-01,992,12,221,9,34,0,737,3
2020-06-02,1018,26,223,2,34,0,761,24
2020-06-03,1028,10,245,22,34,0,749,-12
2020-06-04,1055,27,262,17,37,3,756,7
2020-06-05,1072,17,281,19,40,3,751,-5
2020-06-06,1100,28,295,14,41,1,764,13
2020-06-07,1125,25,343,48,41,0,741,-23
2020-06-08,1152,27,390,47,41,0,721,-20
2020-06-09,1182,30,401,11,42,1,739,18
2020-06-10,1222,40,449,48,45,3,728,-11
2020-06-11,1261,39,512,63,45,0,704,-24
2020-06-12,1295,34,543,31,50,5,702,-2
2020-06-13,1318,23,557,14,52,2,709,7
2020-06-14,1387,69,618,61,52,0,717,8
2020-06-15,1436,49,649,31,54,2,733,16
2020-06-16,1486,50,670,21,58,4,758,25
2020-06-17,1539,53,681,11,61,3,797,39
2020-06-18,1595,56,707,26,63,2,825,28
2020-06-19,1669,74,738,31,64,1,867,42
2020-06-20,1719,50,747,9,67,3,905,38
2020-06-21,1776,57,751,4,71,4,954,49
2020-06-22,1835,59,768,17,71,0,996,42
2020-06-23,1852,17,815,47,73,2,964,-32
2020-06-24,1865,13,829,14,76,3,960,-4
2020-06-25,1891,26,905,76,78,2,908,-52
2020-06-26,1905,14,920,15,79,1,906,-2
2020-06-27,1947,42,936,16,79,0,932,26
2020-06-28,1998,51,953,17,80,1,965,33
2020-06-29,2021,23,1019,66,88,8,914,-51
2020-06-30,2048,27,1024,5,91,3,933,19
2020-07-01,2077,29,1041,17,99,8,937,4
2020-07-02,2119,42,1084,43,102,3,933,-4
2020-07-03,2155,36,1108,24,102,0,945,12
2020-07-04,2204,49,1119,11,103,1,982,37
2020-07-05,2254,50,1159,40,104,1,991,9
2020-07-06,2325,71,1181,22,110,6,1034,43
2020-07-07,2355,30,1209,28,111,1,1035,1
2020-07-08,2418,63,1219,10,111,0,1088,53
2020-07-09,2474,56,1223,4,117,6,1134,46
2020-07-10,2567,93,1238,15,119,2,1210,76
2020-07-11,2603,36,1242,4,122,3,1239,29
2020-07-12,2652,49,1276,34,123,1,1253,14
2020-07-13,2702,50,1306,30,127,4,1269,16
2020-07-14,2753,51,1325,19,131,4,1297,28
2020-07-15,2783,30,1339,14,131,0,1313,16
2020-07-16,2828,45,1360,21,134,3,1334,21
2020-07-17,2898,70,1387,27,136,2,1375,41
2020-07-18,2965,67,1391,4,137,1,1437,62
2020-07-19,3011,46,1408,17,138,1,1465,28
2020-07-20,3053,42,1409,1,140,2,1504,39
2020-07-21,3111,58,1418,9,142,2,1551,47
2020-07-22,3148,37,1471,53,142,0,1535,-16
2020-07-23,3164,16,1525,54,147,5,1492,-43
2020-07-24,3210,46,1580,55,147,0,1483,-9
2020-07-25,3227,17,1609,29,151,4,1467,-16
2020-07-26,3250,23,1644,35,152,1,1454,-13
2020-07-27,3274,24,1679,35,153,1,1442,-12
2020-07-28,3295,21,1693,14,153,0,1449,7
2020-07-29,3329,34,1713,20,160,7,1456,7
2020-07-30,3386,57,1755,42,160,0,1471,15
2020-07-31,3416,30,1793,38,161,1,1462,-9
2020-08-01,3426,10,1825,32,161,0,1440,-22
2020-08-02,3443,17,1856,31,163,2,1424,-16
2020-08-03,3454,11,1863,7,167,4,1424,0
2020-08-04,3489,35,1889,26,167,0,1433,9
2020-08-05,3551,62,1914,25,173,6,1464,31
2020-08-06,3601,50,2008,94,177,4,1416,-48
2020-08-07,3622,21,2098,90,181,4,1343,-73
2020-08-08,3674,52,2169,71,183,2,1322,-21
2020-08-09,3693,19,2233,64,194,11,1266,-56
2020-08-10,3712,19,2311,78,197,3,1204,-62
2020-08-11,3734,22,2370,59,199,2,1165,-39
2020-08-12,3777,43,2371,1,201,2,1205,40
2020-08-13,3804,27,2414,43,201,0,1189,-16
2020-08-14,3843,39,2526,112,203,2,1114,-75
2020-08-15,3879,36,2562,36,204,1,1113,-1
2020-08-16,3908,29,2597,35,204,0,1107,-6
2020-08-17,3909,1,2625,28,204,0,1080,-27
2020-08-18,3918,9,2640,15,205,1,1073,-7
2020-08-19,3963,45,2678,38,211,6,1074,1
2020-08-20,3987,24,2691,13,214,3,1082,8
2020-08-21,4036,49,2741,50,216,2,1079,-3
2020-08-22,4090,54,2760,19,221,5,1109,30
2020-08-23,4124,34,2819,59,225,4,1080,-29
2020-08-24,4156,32,2904,85,226,1,1026,-54
2020-08-25,4201,45,2938,34,229,3,1034,8
2020-08-26,4222,21,2955,17,231,2,1036,2
2020-08-27,4247,25,3014,59,234,3,999,-37
2020-08-28,4304,57,3053,39,237,3,1014,15
2020-08-29,4360,56,3114,61,248,11,998,-16
2020-08-30,4400,40,3130,16,248,0,1022,24
2020-08-31,4453,53,3156,26,250,2,1047,25
2020-09-01,4485,32,3221,65,252,2,1012,-35
2020-09-02,4519,34,3244,23,258,6,1017,5
2020-09-03,4582,63,3281,37,260,2,1041,24
2020-09-04,4617,35,3317,36,264,4,1036,-5
2020-09-05,0,0,0,0,0,0,0,0
