date,total_confirmed,confirmed,total_recover,recover,total_death,death,total_active,active
2020-03-01,0,0,0,0,0,0,0,0
2020-03-28,28,28,5,5,3,3,20,20
2020-04-11,217,189,49,44,24,21,144,124
2020-04-25,717,500,121,72,74,50,522,378
2020-05-09,1362,645,215,94,140,66,1007,485
2020-05-23,3490,2128,414,199,268,128,2808,1801
2020-06-06,5717,2227,1348,934,461,193,3908,1100
2020-06-20,9252,3535,2649,1301,697,236,5906,1998
2020-07-04,13179,3927,4722,2073,996,299,7461,1555
2020-07-18,17915,4736,8855,4133,1348,352,7712,251
2020-08-01,22275,4360,14865,6010,1718,370,5692,-2020
2020-08-15,27366,5091,20418,5553,1987,269,4961,-731
2020-08-24,30586,3220,23901,3483,2194,207,4491,-470
