date,total_confirmed,confirmed,total_recover,recover,total_death,death,total_active,active
2020-03-01,0,0,0,0,0,0,0,0
2020-03-15,0,0,0,0,0,0,0,0
2020-04-11,4,4,0,0,1,1,3,3
2020-04-25,9,5,2,2,1,0,6,3
2020-05-09,28,19,7,5,1,0,20,14
2020-05-23,39,11,27,20,1,0,11,-9
2020-06-06,98,59,35,8,1,0,62,51
2020-06-20,148,50,107,72,2,1,39,-23
2020-07-04,161,13,136,29,2,0,23,-16
2020-07-18,176,15,167,31,2,0,7,-16
2020-08-01,193,17,173,6,2,0,18,11
2020-08-15,207,14,195,22,2,0,10,-8
2020-08-29,235,28,217,22,2,0,16,6
2020-09-11,270,35,237,20,3,1,30,14
