date,total_confirmed,confirmed,total_recover,recover,total_death,death,total_active,active
2020-03-01,0,0,0,0,0,0,0,0
2020-03-28,2,2,0,0,0,0,2,2
2020-04-11,19,17,2,2,2,2,15,13
2020-04-25,36,17,3,1,3,1,30,15
2020-05-09,75,39,12,9,3,0,60,30
2020-05-23,120,45,37,25,4,1,79,19
2020-06-06,139,19,87,50,4,0,48,-31
2020-06-20,173,34,131,44,4,0,38,-10
2020-07-04,191,18,161,30,6,2,24,-14
2020-07-18,195,4,175,14,6,0,14,-10
2020-08-01,207,12,189,14,7,1,11,-3
2020-08-15,223,16,197,8,7,0,19,8
2020-08-29,241,18,218,21,8,1,15,-4
2020-09-08,257,16,226,8,11,3,20,5
