date,total_confirmed,confirmed,total_recover,recover,total_death,death,total_active,active
2020-03-01,0,0,0,0,0,0,0,0
2020-03-04,0,0,0,0,0,0,0,0
2020-03-07,0,0,0,0,0,0,0,0
2020-03-10,0,0,0,0,0,0,0,0
2020-03-13,0,0,0,0,0,0,0,0
2020-03-18,1,1,0,0,0,0,1,1
2020-03-21,1,0,1,1,0,0,0,-1
2020-03-24,1,0,1,0,1,1,-1,-1
2020-03-27,2,1,1,0,2,1,-1,0
2020-03-30,3,1,2,1,2,0,-1,0
2020-04-02,13,10,3,1,3,1,7,8
2020-04-05,19,6,3,0,3,0,13,6
2020-04-08,23,4,7,4,6,3,10,-3
2020-04-11,25,2,13,6,6,0,6,-4
2020-04-14,46,21,22,9,6,0,18,12
2020-04-17,49,3,25,3,7,1,17,-1
2020-04-20,54,5,28,3,7,0,19,2
2020-04-23,61,7,37,9,7,0,17,-2
2020-04-26,67,6,37,0,7,0,23,6
2020-04-29,79,12,43,6,7,0,29,6
2020-05-02,99,20,48,5,7,0,44,15
2020-05-05,106,7,53,5,7,0,46,2
2020-05-08,128,22,59,6,7,0,62,16
2020-05-11,144,16,67,8,8,1,69,7
2020-05-14,170,26,75,8,8,0,87,18
2020-05-17,184,14,91,16,8,0,85,-2
2020-05-20,194,10,114,23,8,0,72,-13
2020-05-23,210,16,129,15,8,0,73,1
2020-05-26,211,1,138,9,8,0,65,-8
2020-05-29,215,4,161,23,8,0,46,-19
2020-06-01,222,7,169,8,8,0,45,-1
2020-06-04,222,0,174,5,8,0,40,-5
2020-06-07,229,7,187,13,8,0,34,-6
2020-06-10,235,6,195,8,8,0,32,-2
2020-06-13,249,14,211,16,8,0,30,-2
2020-06-16,258,9,218,7,8,0,32,2
2020-06-19,262,4,231,13,8,0,23,-9
2020-06-22,273,11,238,7,8,0,27,4
2020-06-25,284,11,259,21,8,0,17,-10
2020-06-28,291,7,264,5,8,0,19,2
2020-07-01,299,8,269,5,8,0,22,3
2020-07-04,310,11,277,8,9,1,24,2
2020-07-07,331,21,285,8,9,0,37,13
2020-07-10,348,17,293,8,10,1,45,8
2020-07-13,364,16,305,12,10,0,49,4
2020-07-16,389,25,313,8,11,1,65,16
2020-07-19,416,27,323,10,12,1,81,16
2020-07-22,471,55,330,7,16,4,125,44
2020-07-25,521,50,346,16,18,2,157,32
2020-07-28,557,36,355,9,20,2,182,25
2020-07-31,659,102,398,43,20,0,241,59
2020-08-03,757,98,433,35,21,1,303,62
2020-08-06,804,47,496,63,21,0,287,-16
2020-08-09,847,43,570,74,24,3,253,-34
2020-08-12,885,38,633,63,26,2,226,-27
2020-08-15,977,92,662,29,28,2,287,61
2020-08-18,1044,67,695,33,29,1,320,33
2020-08-21,1148,104,793,98,32,3,323,3
2020-08-24,1192,44,846,53,34,2,312,-11
2020-08-27,1291,99,923,77,36,2,332,20
2020-08-30,1382,91,976,53,37,1,369,37
2020-09-02,1459,77,1061,85,41,4,357,-12
2020-09-05,1531,72,1116,55,45,4,370,13
2020-09-08,1580,49,1216,100,47,2,317,-53
2020-09-09,0,0,0,0,0,0,0,0
