date,total_confirmed,confirmed,total_recover,recover,total_death,death,total_active,active
2020-03-01,0,0,0,0,0,0,0,0
2020-03-04,0,0,0,0,0,0,0,0
2020-03-07,0,0,0,0,0,0,0,0
2020-03-10,0,0,0,0,0,0,0,0
2020-03-13,0,0,0,0,0,0,0,0
2020-03-16,0,0,0,0,0,0,0,0
2020-03-19,0,0,0,0,0,0,0,0
2020-03-22,0,0,0,0,0,0,0,0
2020-03-25,0,0,0,0,0,0,0,0
2020-03-30,5,5,0,0,0,0,5,5
2020-04-02,7,2,0,0,0,0,7,2
2020-04-05,15,8,0,0,1,1,14,7
2020-04-08,21,6,1,1,3,2,17,3
2020-04-11,28,7,3,2,5,2,20,3
2020-04-14,36,8,4,1,7,2,25,5
2020-04-17,72,36,9,5,7,0,56,31
2020-04-20,94,22,10,1,7,0,77,21
2020-04-23,113,19,11,1,8,1,94,17
2020-04-26,145,32,16,5,8,0,121,27
2020-04-29,156,11,20,4,9,1,127,6
2020-05-02,178,22,24,4,9,0,145,18
2020-05-05,211,33,24,0,9,0,178,33
2020-05-08,245,34,24,0,9,0,212,34
2020-05-11,259,14,24,0,9,0,226,14
2020-05-14,288,29,24,0,9,0,255,29
2020-05-17,364,76,74,50,44,35,246,-9
2020-05-20,540,176,77,3,55,11,408,162
2020-05-23,587,47,78,1,62,7,447,39
2020-05-26,627,40,81,3,74,12,472,25
2020-05-29,887,260,98,17,80,6,709,237
2020-06-01,945,58,100,2,87,7,758,49
2020-06-04,1139,194,105,5,93,6,941,183
2020-06-07,1281,142,109,4,100,7,1072,131
2020-06-10,1561,280,129,20,112,12,1320,248
2020-06-13,1814,253,202,73,125,13,1487,167
2020-06-16,2119,305,253,51,141,16,1725,238
2020-06-19,2390,271,360,107,155,14,1875,150
2020-06-22,2657,267,405,45,167,12,2085,210
2020-06-25,2833,176,535,130,178,11,2120,35
2020-06-28,3001,168,724,189,186,8,2091,-29
2020-07-01,3222,221,790,66,190,4,2242,151
2020-07-04,3518,296,911,121,200,10,2407,165
2020-07-07,3693,175,1065,154,206,6,2422,15
2020-07-10,3988,295,1204,139,211,5,2573,151
2020-07-13,4217,229,1410,206,224,13,2583,10
2020-07-16,4620,403,1571,161,236,12,2813,230
2020-07-19,4938,318,1731,160,251,15,2956,143
2020-07-22,5215,277,2155,424,263,12,2797,-159
2020-07-25,5539,324,2718,563,271,8,2550,-247
2020-07-28,5781,242,3073,355,280,9,2428,-122
2020-07-31,6097,316,3367,294,295,15,2435,7
2020-08-03,6237,140,3559,192,297,2,2381,-54
2020-08-06,6477,240,3730,171,298,1,2449,68
2020-08-09,6714,237,4026,296,306,8,2382,-67
2020-08-12,6888,174,4222,196,310,4,2356,-26
2020-08-15,7050,162,4341,119,319,9,2390,34
2020-08-18,7280,230,4590,249,325,6,2365,-25
2020-08-21,7617,337,5077,487,328,3,2212,-153
