date,total_confirmed,confirmed,total_recover,recover,total_death,death,total_active,active
2020-03-01,0,0,0,0,0,0,0,0
2020-03-04,0,0,0,0,0,0,0,0
2020-03-07,0,0,0,0,0,0,0,0
2020-03-10,0,0,0,0,0,0,0,0
2020-03-13,0,0,0,0,0,0,0,0
2020-03-18,1,1,0,0,1,1,0,0
2020-03-21,1,0,0,0,1,0,0,0
2020-03-24,1,0,0,0,1,0,0,0
2020-03-27,1,0,0,0,2,1,-1,-1
2020-03-30,7,6,0,0,2,0,5,6
2020-04-02,15,8,0,0,4,2,11,6
2020-04-05,18,3,0,0,5,1,13,2
2020-04-08,48,30,0,0,5,0,43,30
2020-04-11,48,0,8,8,8,3,32,-11
2020-04-14,65,17,10,2,9,1,46,14
2020-04-17,72,7,13,3,9,0,50,4
2020-04-20,76,4,14,1,10,1,52,2
2020-04-23,88,12,21,7,11,1,56,4
2020-04-26,104,16,28,7,12,1,64,8
2020-04-29,107,3,40,12,13,1,54,-10
2020-05-02,110,3,41,1,14,1,55,1
2020-05-05,123,13,43,2,14,0,66,11
2020-05-08,150,27,48,5,19,5,83,17
2020-05-11,189,39,48,0,27,8,114,31
2020-05-14,195,6,53,5,27,0,115,1
2020-05-17,211,16,58,5,29,2,124,9
2020-05-20,243,32,74,16,33,4,136,12
2020-05-23,287,44,102,28,35,2,150,14
2020-05-26,308,21,114,12,36,1,158,8
2020-05-29,393,85,118,4,38,2,237,79
2020-06-01,410,17,149,31,42,4,219,-18
2020-06-04,481,71,167,18,45,3,269,50
2020-06-07,596,115,179,12,46,1,371,102
2020-06-10,628,32,193,14,53,7,382,11
2020-06-13,854,226,205,12,59,6,590,208
2020-06-16,950,96,222,17,66,7,662,72
2020-06-19,1017,67,250,28,66,0,701,39
2020-06-22,1108,91,263,13,73,7,772,71
2020-06-25,1347,239,292,29,82,9,973,201
2020-06-28,1458,111,384,92,91,9,983,10
2020-07-01,1592,134,420,36,97,6,1075,92
2020-07-04,1758,166,460,40,103,6,1195,120
2020-07-07,1813,55,495,35,108,5,1210,15
2020-07-10,2185,372,529,34,115,7,1541,331
2020-07-13,2358,173,580,51,125,10,1653,112
2020-07-16,2682,324,637,57,135,10,1910,257
2020-07-19,2928,246,722,85,146,11,2060,150
2020-07-22,3151,223,827,105,160,14,2164,104
2020-07-25,3363,212,900,73,174,14,2289,125
2020-07-28,3511,148,950,50,180,6,2381,92
2020-07-31,3924,413,1353,403,192,12,2379,-2
2020-08-03,4186,262,1653,300,203,11,2330,-49
2020-08-06,4470,284,1860,207,212,9,2398,68
2020-08-09,4812,342,2071,211,224,12,2517,119
2020-08-12,5257,445,2189,118,231,7,2837,320
2020-08-15,5615,358,2511,322,243,12,2861,24
2020-08-18,5813,198,2740,229,256,13,2817,-44
2020-08-21,5971,158,2984,244,270,14,2717,-100
2020-08-24,6159,188,3205,221,285,15,2669,-48
2020-08-27,6534,375,3559,354,295,10,2680,11
2020-08-30,6762,228,3906,347,311,16,2545,-135
2020-09-02,7117,355,4171,265,320,9,2626,81
2020-09-05,7545,428,4450,279,333,13,2762,136
2020-09-08,7825,280,4733,283,342,9,2750,-12
2020-09-11,8234,409,4959,226,349,7,2926,176
2020-09-13,8458,224,5106,147,355,6,2997,71
