provinsi,tanggal,MENINGGAL,DIRAWAT_OR_ISOLASI,SEMBUH,KASUS,AKUMULASI_MENINGGAL,AKUMULASI_DIRAWAT_OR_ISOLASI,AKUMULASI_SEMBUH,AKUMULASI_KASUS
DKI JAKARTA,2020-03-01,0,3,0,3,0,3,0,3
DKI JAKARTA,2020-03-02,0,2,0,2,0,5,0,5
DKI JAKARTA,2020-03-03,0,2,0,2,0,7,0,7
DKI JAKARTA,2020-03-04,0,2,0,2,0,9,0,9
DKI JAKARTA,2020-03-05,2,-2,0,0,2,7,0,9
DKI JAKARTA,2020-03-06,0,0,0,0,2,7,0,9
DKI JAKARTA,2020-03-07,2,-2,0,0,4,5,0,9
DKI JAKARTA,2020-03-08,0,0,0,0,4,5,0,9
DKI JAKARTA,2020-03-09,1,-1,0,0,5,4,0,9
DKI JAKARTA,2020-03-10,0,0,0,0,5,4,0,9
DKI JAKARTA,2020-03-11,0,0,0,0,5,4,0,9
DKI JAKARTA,2020-03-12,1,-5,4,0,6,-1,4,9
DKI JAKARTA,2020-03-13,1,-4,3,0,7,-5,7,9
DKI JAKARTA,2020-03-14,1,-1,1,1,8,-6,8,10
DKI JAKARTA,2020-03-15,3,3,0,6,11,-3,8,16
DKI JAKARTA,2020-03-16,3,-2,0,1,14,-5,8,17
DKI JAKARTA,2020-03-17,1,0,0,1,15,-5,8,18
DKI JAKARTA,2020-03-18,1,-1,0,0,16,-6,8,18
DKI JAKARTA,2020-03-19,0,0,1,1,16,-6,9,19
DKI JAKARTA,2020-03-20,3,-3,1,1,19,-9,10,20
DKI JAKARTA,2020-03-21,3,-9,6,0,22,-18,16,20
DKI JAKARTA,2020-03-22,0,-3,3,0,22,-21,19,20
DKI JAKARTA,2020-03-23,0,0,0,0,22,-21,19,20
DKI JAKARTA,2020-03-24,20,-21,1,0,42,-42,20,20
DKI JAKARTA,2020-03-25,1,-1,0,0,43,-43,20,20
DKI JAKARTA,2020-03-26,2,48,0,50,45,5,20,70
DKI JAKARTA,2020-03-27,8,56,4,68,53,61,24,138
DKI JAKARTA,2020-03-28,9,25,8,42,62,86,32,180
DKI JAKARTA,2020-03-29,10,37,0,47,72,123,32,227
DKI JAKARTA,2020-03-30,7,19,0,26,79,142,32,253
DKI JAKARTA,2020-03-31,9,32,0,41,88,174,32,294
DKI JAKARTA,2020-04-01,1,60,0,61,89,234,32,355
DKI JAKARTA,2020-04-02,6,64,2,72,95,298,34,427
DKI JAKARTA,2020-04-03,6,61,3,70,101,359,37,497
DKI JAKARTA,2020-04-04,8,45,5,58,109,404,42,555
DKI JAKARTA,2020-04-05,11,73,1,85,120,477,43,640
DKI JAKARTA,2020-04-06,7,89,7,103,127,566,50,743
DKI JAKARTA,2020-04-07,14,94,3,111,141,660,53,854
DKI JAKARTA,2020-04-08,9,75,5,89,150,735,58,943
DKI JAKARTA,2020-04-09,34,190,5,229,184,925,63,1172
DKI JAKARTA,2020-04-10,11,35,4,50,195,960,67,1222
DKI JAKARTA,2020-04-11,11,178,7,196,206,1138,74,1418
DKI JAKARTA,2020-04-12,34,49,40,123,240,1187,114,1541
DKI JAKARTA,2020-04-13,8,132,1,141,248,1319,115,1682
DKI JAKARTA,2020-04-14,11,114,0,125,259,1433,115,1807
DKI JAKARTA,2020-04-15,11,104,20,135,270,1537,135,1942
DKI JAKARTA,2020-04-16,1,184,0,185,271,1721,135,2127
DKI JAKARTA,2020-04-17,8,103,36,147,279,1824,171,2274
DKI JAKARTA,2020-04-18,7,97,1,105,286,1921,172,2379
DKI JAKARTA,2020-04-19,4,73,25,102,290,1994,197,2481
DKI JAKARTA,2020-04-20,5,59,7,71,295,2053,204,2552
DKI JAKARTA,2020-04-21,2,92,62,156,297,2145,266,2708
DKI JAKARTA,2020-04-22,1,102,8,111,298,2247,274,2819
DKI JAKARTA,2020-04-23,0,122,4,126,298,2369,278,2945
DKI JAKARTA,2020-04-24,0,78,3,81,298,2447,281,3026
DKI JAKARTA,2020-04-25,19,56,7,82,317,2503,288,3108
DKI JAKARTA,2020-04-26,7,98,1,106,324,2601,289,3214
DKI JAKARTA,2020-04-27,14,51,3,68,338,2652,292,3282
DKI JAKARTA,2020-04-28,3,98,24,125,341,2750,316,3407
DKI JAKARTA,2020-04-29,0,12,77,89,341,2762,393,3496
DKI JAKARTA,2020-04-30,0,37,47,84,341,2799,440,3580
DKI JAKARTA,2020-05-01,4,129,2,135,345,2928,442,3715
DKI JAKARTA,2020-05-02,17,30,25,72,362,2958,467,3787
DKI JAKARTA,2020-05-03,5,-62,116,59,367,2896,583,3846
DKI JAKARTA,2020-05-04,10,60,4,74,377,2956,587,3920
DKI JAKARTA,2020-05-05,1,66,67,134,378,3022,654,4054
DKI JAKARTA,2020-05-06,5,64,38,107,383,3086,692,4161
DKI JAKARTA,2020-05-07,9,69,4,82,392,3155,696,4243
DKI JAKARTA,2020-05-08,1,96,0,97,393,3251,696,4340
DKI JAKARTA,2020-05-09,4,89,6,99,397,3340,702,4439
DKI JAKARTA,2020-05-10,6,69,49,124,403,3409,751,4563
DKI JAKARTA,2020-05-11,6,65,9,80,409,3474,760,4643
DKI JAKARTA,2020-05-12,2,-19,111,94,411,3455,871,4737
DKI JAKARTA,2020-05-13,6,73,99,178,417,3528,970,4915
DKI JAKARTA,2020-05-14,3,-9,136,130,420,3519,1106,5045
DKI JAKARTA,2020-05-15,8,-34,109,83,428,3485,1215,5128
DKI JAKARTA,2020-05-16,0,84,18,102,428,3569,1233,5230
DKI JAKARTA,2020-05-17,3,114,11,128,431,3683,1244,5358
DKI JAKARTA,2020-05-18,0,80,0,80,431,3763,1244,5438
DKI JAKARTA,2020-05-19,7,67,21,95,438,3830,1265,5533
DKI JAKARTA,2020-05-20,2,80,3,85,440,3910,1268,5618
DKI JAKARTA,2020-05-21,9,-69,131,71,449,3841,1399,5689
DKI JAKARTA,2020-05-22,31,14,58,103,480,3855,1457,5792
DKI JAKARTA,2020-05-23,1,55,55,111,481,3910,1512,5903
DKI JAKARTA,2020-05-24,0,93,22,115,481,4003,1534,6018
DKI JAKARTA,2020-05-25,0,6,69,75,481,4009,1603,6093
DKI JAKARTA,2020-05-26,0,78,13,91,481,4087,1616,6184
DKI JAKARTA,2020-05-27,8,85,16,109,489,4172,1632,6293
DKI JAKARTA,2020-05-28,0,81,21,102,489,4253,1653,6395
DKI JAKARTA,2020-05-29,0,93,39,132,489,4346,1692,6527
DKI JAKARTA,2020-05-30,7,-165,263,105,496,4181,1955,6632
DKI JAKARTA,2020-05-31,1,40,76,117,497,4221,2031,6749
DKI JAKARTA,2020-06-01,1,-40,195,156,498,4181,2226,6905
DKI JAKARTA,2020-06-02,0,-67,127,60,498,4114,2353,6965
DKI JAKARTA,2020-06-03,5,-99,186,92,503,4015,2539,7057
DKI JAKARTA,2020-06-04,0,87,23,110,503,4102,2562,7167
DKI JAKARTA,2020-06-05,1,-69,144,76,504,4033,2706,7243
DKI JAKARTA,2020-06-06,0,36,89,125,504,4069,2795,7368
DKI JAKARTA,2020-06-07,5,-129,296,172,509,3940,3091,7540
JAWA BARAT,2020-03-01,0,3,0,3,0,3,0,3
JAWA BARAT,2020-03-02,0,0,0,0,0,3,0,3
JAWA BARAT,2020-03-03,1,-1,0,0,1,2,0,3
JAWA BARAT,2020-03-04,0,1,0,1,1,3,0,4
JAWA BARAT,2020-03-05,0,0,0,0,1,3,0,4
JAWA BARAT,2020-03-06,0,0,0,0,1,3,0,4
JAWA BARAT,2020-03-07,0,0,0,0,1,3,0,4
JAWA BARAT,2020-03-08,0,0,0,0,1,3,0,4
JAWA BARAT,2020-03-09,0,0,0,0,1,3,0,4
JAWA BARAT,2020-03-10,0,0,0,0,1,3,0,4
JAWA BARAT,2020-03-11,1,-1,0,0,2,2,0,4
JAWA BARAT,2020-03-12,0,0,0,0,2,2,0,4
JAWA BARAT,2020-03-13,0,-1,4,3,2,1,4,7
JAWA BARAT,2020-03-14,0,0,0,0,2,1,4,7
JAWA BARAT,2020-03-15,0,0,0,0,2,1,4,7
JAWA BARAT,2020-03-16,0,0,0,0,2,1,4,7
JAWA BARAT,2020-03-17,0,1,0,1,2,2,4,8
JAWA BARAT,2020-03-18,1,-2,1,0,3,0,5,8
JAWA BARAT,2020-03-19,1,-1,0,0,4,-1,5,8
JAWA BARAT,2020-03-20,2,0,0,2,6,-1,5,10
JAWA BARAT,2020-03-21,0,0,0,0,6,-1,5,10
JAWA BARAT,2020-03-22,3,-3,0,0,9,-4,5,10
JAWA BARAT,2020-03-23,2,-2,0,0,11,-6,5,10
JAWA BARAT,2020-03-24,0,-1,1,0,11,-7,6,10
JAWA BARAT,2020-03-25,0,0,0,0,11,-7,6,10
JAWA BARAT,2020-03-26,0,7,0,7,11,0,6,17
JAWA BARAT,2020-03-27,3,23,0,26,14,23,6,43
JAWA BARAT,2020-03-28,2,17,1,20,16,40,7,63
JAWA BARAT,2020-03-29,2,28,0,30,18,68,7,93
JAWA BARAT,2020-03-30,0,20,3,23,18,88,10,116
JAWA BARAT,2020-03-31,0,9,0,9,18,97,10,125
JAWA BARAT,2020-04-01,0,21,0,21,18,118,10,146
JAWA BARAT,2020-04-02,4,15,1,20,22,133,11,166
JAWA BARAT,2020-04-03,1,0,1,2,23,133,12,168
JAWA BARAT,2020-04-04,2,20,0,22,25,153,12,190
JAWA BARAT,2020-04-05,0,10,0,10,25,163,12,200
JAWA BARAT,2020-04-06,1,13,1,15,26,176,13,215
JAWA BARAT,2020-04-07,0,75,3,78,26,251,16,293
JAWA BARAT,2020-04-08,5,17,1,23,31,268,17,316
JAWA BARAT,2020-04-09,6,10,2,18,37,278,19,334
JAWA BARAT,2020-04-10,0,10,0,10,37,288,19,344
JAWA BARAT,2020-04-11,0,36,0,36,37,324,19,380
JAWA BARAT,2020-04-12,4,26,1,31,41,350,20,411
JAWA BARAT,2020-04-13,9,59,3,71,50,409,23,482
JAWA BARAT,2020-04-14,0,2,1,3,50,411,24,485
JAWA BARAT,2020-04-15,1,28,1,30,51,439,25,515
JAWA BARAT,2020-04-16,1,7,5,13,52,446,30,528
JAWA BARAT,2020-04-17,3,41,15,59,55,487,45,587
JAWA BARAT,2020-04-18,0,9,0,9,55,496,45,596
JAWA BARAT,2020-04-19,1,44,5,50,56,540,50,646
JAWA BARAT,2020-04-20,3,20,3,26,59,560,53,672
JAWA BARAT,2020-04-21,5,-14,19,10,64,546,72,682
JAWA BARAT,2020-04-22,3,0,3,6,67,546,75,688
JAWA BARAT,2020-04-23,3,13,9,25,70,559,84,713
JAWA BARAT,2020-04-24,2,67,3,72,72,626,87,785
JAWA BARAT,2020-04-25,0,41,3,44,72,667,90,829
JAWA BARAT,2020-04-26,0,11,0,11,72,678,90,840
JAWA BARAT,2020-04-27,1,33,3,37,73,711,93,877
JAWA BARAT,2020-04-28,1,10,7,18,74,721,100,895
JAWA BARAT,2020-04-29,0,32,5,37,74,753,105,932
JAWA BARAT,2020-04-30,4,-36,36,4,78,717,141,936
JAWA BARAT,2020-05-01,0,1,3,4,78,718,144,940
JAWA BARAT,2020-05-02,1,31,2,34,79,749,146,974
JAWA BARAT,2020-05-03,1,7,5,13,80,756,151,987
JAWA BARAT,2020-05-04,1,179,7,187,81,935,158,1174
JAWA BARAT,2020-05-05,1,43,8,52,82,978,166,1226
JAWA BARAT,2020-05-06,3,6,10,19,85,984,176,1245
JAWA BARAT,2020-05-07,0,48,7,55,85,1032,183,1300
JAWA BARAT,2020-05-08,2,26,1,29,87,1058,184,1329
JAWA BARAT,2020-05-09,3,10,18,31,90,1068,202,1360
JAWA BARAT,2020-05-10,0,0,0,0,90,1068,202,1360
JAWA BARAT,2020-05-11,3,41,11,55,93,1109,213,1415
JAWA BARAT,2020-05-12,0,54,0,54,93,1163,213,1469
JAWA BARAT,2020-05-13,0,-15,24,9,93,1148,237,1478
JAWA BARAT,2020-05-14,1,4,5,10,94,1152,242,1488
JAWA BARAT,2020-05-15,1,16,16,33,95,1168,258,1521
JAWA BARAT,2020-05-16,0,22,1,23,95,1190,259,1544
JAWA BARAT,2020-05-17,10,-36,58,32,105,1154,317,1576
JAWA BARAT,2020-05-18,13,-68,77,22,118,1086,394,1598
JAWA BARAT,2020-05-19,1,6,14,21,119,1092,408,1619
JAWA BARAT,2020-05-20,0,168,1,169,119,1260,409,1788
JAWA BARAT,2020-05-21,0,72,10,82,119,1332,419,1870
JAWA BARAT,2020-05-22,1,31,10,42,120,1363,429,1912
JAWA BARAT,2020-05-23,2,17,39,58,122,1380,468,1970
JAWA BARAT,2020-05-24,1,38,8,47,123,1418,476,2017
JAWA BARAT,2020-05-25,0,21,0,21,123,1439,476,2038
JAWA BARAT,2020-05-26,9,-18,26,17,132,1421,502,2055
JAWA BARAT,2020-05-27,5,-17,36,24,137,1404,538,2079
JAWA BARAT,2020-05-28,0,-21,46,25,137,1383,584,2104
JAWA BARAT,2020-05-29,0,32,6,38,137,1415,590,2142
JAWA BARAT,2020-05-30,2,-8,25,19,139,1407,615,2161
JAWA BARAT,2020-05-31,0,33,3,36,139,1440,618,2197
JAWA BARAT,2020-06-01,0,42,0,42,139,1482,618,2239
JAWA BARAT,2020-06-02,7,-18,29,18,146,1464,647,2257
JAWA BARAT,2020-06-03,3,-50,51,4,149,1414,698,2261
JAWA BARAT,2020-06-04,1,-10,18,9,150,1404,716,2270
JAWA BARAT,2020-06-05,3,-32,44,15,153,1372,760,2285
JAWA BARAT,2020-06-06,0,-3,15,12,153,1369,775,2297
JAWA BARAT,2020-06-07,0,-63,98,35,153,1306,873,2332
JAWA TIMUR,2020-03-18,0,2,0,2,0,2,0,2
JAWA TIMUR,2020-03-19,0,-1,1,0,0,1,1,2
JAWA TIMUR,2020-03-20,0,0,0,0,0,1,1,2
JAWA TIMUR,2020-03-21,0,0,0,0,0,1,1,2
JAWA TIMUR,2020-03-22,0,0,0,0,0,1,1,2
JAWA TIMUR,2020-03-23,0,0,0,0,0,1,1,2
JAWA TIMUR,2020-03-24,1,-1,0,0,1,0,1,2
JAWA TIMUR,2020-03-25,2,-4,2,0,3,-4,3,2
JAWA TIMUR,2020-03-26,0,6,2,8,3,2,5,10
JAWA TIMUR,2020-03-27,0,7,0,7,3,9,5,17
JAWA TIMUR,2020-03-28,0,11,0,11,3,20,5,28
JAWA TIMUR,2020-03-29,3,9,0,12,6,29,5,40
JAWA TIMUR,2020-03-30,1,0,0,1,7,29,5,41
JAWA TIMUR,2020-03-31,2,0,0,2,9,29,5,43
JAWA TIMUR,2020-04-01,0,5,5,10,9,34,10,53
JAWA TIMUR,2020-04-02,1,-3,2,0,10,31,12,53
JAWA TIMUR,2020-04-03,0,49,0,49,10,80,12,102
JAWA TIMUR,2020-04-04,3,-7,4,0,13,73,16,102
JAWA TIMUR,2020-04-05,2,32,1,35,15,105,17,137
JAWA TIMUR,2020-04-06,0,-7,10,3,15,98,27,140
JAWA TIMUR,2020-04-07,0,4,1,5,15,102,28,145
JAWA TIMUR,2020-04-08,0,1,1,2,15,103,29,147
JAWA TIMUR,2020-04-09,2,18,7,27,17,121,36,174
JAWA TIMUR,2020-04-10,4,18,11,33,21,139,47,207
JAWA TIMUR,2020-04-11,3,6,2,11,24,145,49,218
JAWA TIMUR,2020-04-12,0,119,0,119,24,264,49,337
JAWA TIMUR,2020-04-13,2,46,4,52,26,310,53,389
JAWA TIMUR,2020-04-14,13,16,7,36,39,326,60,425
JAWA TIMUR,2020-04-15,4,10,11,25,43,336,71,450
JAWA TIMUR,2020-04-16,1,11,3,15,44,347,74,465
JAWA TIMUR,2020-04-17,1,-1,8,8,45,346,82,473
JAWA TIMUR,2020-04-18,3,28,2,33,48,374,84,506
JAWA TIMUR,2020-04-19,5,26,2,33,53,400,86,539
JAWA TIMUR,2020-04-20,3,-5,2,0,56,395,88,539
JAWA TIMUR,2020-04-21,1,13,1,15,57,408,89,554
JAWA TIMUR,2020-04-22,0,34,0,34,57,442,89,588
JAWA TIMUR,2020-04-23,2,12,11,25,59,454,100,613
JAWA TIMUR,2020-04-24,7,5,16,28,66,459,116,641
JAWA TIMUR,2020-04-25,8,64,5,77,74,523,121,718
JAWA TIMUR,2020-04-26,12,0,5,17,86,523,126,735
JAWA TIMUR,2020-04-27,1,8,2,11,87,531,128,746
JAWA TIMUR,2020-04-28,2,55,4,61,89,586,132,807
JAWA TIMUR,2020-04-29,4,2,8,14,93,588,140,821
JAWA TIMUR,2020-04-30,2,76,5,83,95,664,145,904
JAWA TIMUR,2020-05-01,3,69,5,77,98,733,150,981
JAWA TIMUR,2020-05-02,7,-4,3,6,105,729,153,987
JAWA TIMUR,2020-05-03,5,59,9,73,110,788,162,1060
JAWA TIMUR,2020-05-04,6,-1,4,9,116,787,166,1069
JAWA TIMUR,2020-05-05,0,40,2,42,116,827,168,1111
JAWA TIMUR,2020-05-06,6,32,18,56,122,859,186,1167
JAWA TIMUR,2020-05-07,10,27,8,45,132,886,194,1212
JAWA TIMUR,2020-05-08,5,4,9,18,137,890,203,1230
JAWA TIMUR,2020-05-09,3,120,12,135,140,1010,215,1365
JAWA TIMUR,2020-05-10,2,73,3,78,142,1083,218,1443
JAWA TIMUR,2020-05-11,6,17,14,37,148,1100,232,1480
JAWA TIMUR,2020-05-12,6,95,14,115,154,1195,246,1595
JAWA TIMUR,2020-05-13,8,93,16,117,162,1288,262,1712
JAWA TIMUR,2020-05-14,4,82,4,90,166,1370,266,1802
JAWA TIMUR,2020-05-15,11,33,16,60,177,1403,282,1862
JAWA TIMUR,2020-05-16,5,163,8,176,182,1566,290,2038
JAWA TIMUR,2020-05-17,11,33,10,54,193,1599,300,2092
JAWA TIMUR,2020-05-18,15,95,25,135,208,1694,325,2227
JAWA TIMUR,2020-05-19,13,32,38,83,221,1726,363,2310
JAWA TIMUR,2020-05-20,6,106,12,124,227,1832,375,2434
JAWA TIMUR,2020-05-21,13,463,16,492,240,2295,391,2926
JAWA TIMUR,2020-05-22,15,100,10,125,255,2395,401,3051
JAWA TIMUR,2020-05-23,14,426,13,453,269,2821,414,3504
JAWA TIMUR,2020-05-24,12,26,39,77,281,2847,453,3581
JAWA TIMUR,2020-05-25,9,198,24,231,290,3045,477,3812
JAWA TIMUR,2020-05-26,9,36,17,62,299,3081,494,3874
JAWA TIMUR,2020-05-27,19,145,16,180,318,3226,510,4054
JAWA TIMUR,2020-05-28,14,87,26,127,332,3313,536,4181
JAWA TIMUR,2020-05-29,11,137,22,170,343,3450,558,4351
JAWA TIMUR,2020-05-30,27,152,19,198,370,3602,577,4549
JAWA TIMUR,2020-05-31,24,190,20,234,394,3792,597,4783
JAWA TIMUR,2020-06-01,16,11,45,72,410,3803,642,4855
JAWA TIMUR,2020-06-02,6,168,45,219,416,3971,687,5074
JAWA TIMUR,2020-06-03,11,64,100,175,427,4035,787,5249
JAWA TIMUR,2020-06-04,8,-200,290,98,435,3835,1077,5347
JAWA TIMUR,2020-06-05,10,14,118,142,445,3849,1195,5489
JAWA TIMUR,2020-06-06,17,116,154,287,462,3965,1349,5776
JAWA TIMUR,2020-06-07,20,55,48,123,482,4020,1397,5899
JAWA TENGAH,2020-03-18,1,0,0,1,1,0,0,1
JAWA TENGAH,2020-03-19,0,1,0,1,1,1,0,2
JAWA TENGAH,2020-03-20,0,2,0,2,1,3,0,4
JAWA TENGAH,2020-03-21,1,0,0,1,2,3,0,5
JAWA TENGAH,2020-03-22,0,0,0,0,2,3,0,5
JAWA TENGAH,2020-03-23,0,3,0,3,2,6,0,8
JAWA TENGAH,2020-03-24,1,0,0,1,3,6,0,9
JAWA TENGAH,2020-03-25,1,17,0,18,4,23,0,27
JAWA TENGAH,2020-03-26,0,1,1,2,4,24,1,29
JAWA TENGAH,2020-03-27,0,4,0,4,4,28,1,33
JAWA TENGAH,2020-03-28,1,9,2,12,5,37,3,45
JAWA TENGAH,2020-03-29,2,5,0,7,7,42,3,52
JAWA TENGAH,2020-03-30,1,13,0,14,8,55,3,66
JAWA TENGAH,2020-03-31,2,10,0,12,10,65,3,78
JAWA TENGAH,2020-04-01,7,-12,13,8,17,53,16,86
JAWA TENGAH,2020-04-02,2,-3,1,0,19,50,17,86
JAWA TENGAH,2020-04-03,1,8,4,13,20,58,21,99
JAWA TENGAH,2020-04-04,1,5,2,8,21,63,23,107
JAWA TENGAH,2020-04-05,0,0,0,0,21,63,23,107
JAWA TENGAH,2020-04-06,4,7,1,12,25,70,24,119
JAWA TENGAH,2020-04-07,0,1,0,1,25,71,24,120
JAWA TENGAH,2020-04-08,2,3,2,7,27,74,26,127
JAWA TENGAH,2020-04-09,1,0,3,4,28,74,29,131
JAWA TENGAH,2020-04-10,0,0,0,0,28,74,29,131
JAWA TENGAH,2020-04-11,1,-1,0,0,29,73,29,131
JAWA TENGAH,2020-04-12,0,55,1,56,29,128,30,187
JAWA TENGAH,2020-04-13,1,2,0,3,30,130,30,190
JAWA TENGAH,2020-04-14,1,73,1,75,31,203,31,265
JAWA TENGAH,2020-04-15,2,10,1,13,33,213,32,278
JAWA TENGAH,2020-04-16,2,5,1,8,35,218,33,286
JAWA TENGAH,2020-04-17,4,-14,15,5,39,204,48,291
JAWA TENGAH,2020-04-18,0,21,3,24,39,225,51,315
JAWA TENGAH,2020-04-19,2,19,0,21,41,244,51,336
JAWA TENGAH,2020-04-20,1,0,2,3,42,244,53,339
JAWA TENGAH,2020-04-21,0,98,1,99,42,342,54,438
JAWA TENGAH,2020-04-22,1,22,7,30,43,364,61,468
JAWA TENGAH,2020-04-23,1,54,4,59,44,418,65,527
JAWA TENGAH,2020-04-24,3,33,1,37,47,451,66,564
JAWA TENGAH,2020-04-25,1,37,8,46,48,488,74,610
JAWA TENGAH,2020-04-26,0,28,0,28,48,516,74,638
JAWA TENGAH,2020-04-27,1,6,10,17,49,522,84,655
JAWA TENGAH,2020-04-28,0,3,13,16,49,525,97,671
JAWA TENGAH,2020-04-29,2,23,4,29,51,548,101,700
JAWA TENGAH,2020-04-30,1,9,5,15,52,557,106,715
JAWA TENGAH,2020-05-01,1,15,6,22,53,572,112,737
JAWA TENGAH,2020-05-02,0,13,6,19,53,585,118,756
JAWA TENGAH,2020-05-03,1,0,8,9,54,585,126,765
JAWA TENGAH,2020-05-04,0,16,6,22,54,601,132,787
JAWA TENGAH,2020-05-05,0,34,15,49,54,635,147,836
JAWA TENGAH,2020-05-06,1,20,23,44,55,655,170,880
JAWA TENGAH,2020-05-07,1,0,12,13,56,655,182,893
JAWA TENGAH,2020-05-08,0,-2,30,28,56,653,212,921
JAWA TENGAH,2020-05-09,2,13,11,26,58,666,223,947
JAWA TENGAH,2020-05-10,1,18,0,19,59,684,223,966
JAWA TENGAH,2020-05-11,0,-1,3,2,59,683,226,968
JAWA TENGAH,2020-05-12,1,8,0,9,60,691,226,977
JAWA TENGAH,2020-05-13,0,31,1,32,60,722,227,1009
JAWA TENGAH,2020-05-14,0,45,1,46,60,767,228,1055
JAWA TENGAH,2020-05-15,0,38,5,43,60,805,233,1098
JAWA TENGAH,2020-05-16,0,31,0,31,60,836,233,1129
JAWA TENGAH,2020-05-17,0,17,0,17,60,853,233,1146
JAWA TENGAH,2020-05-18,0,3,5,8,60,856,238,1154
JAWA TENGAH,2020-05-19,0,10,0,10,60,866,238,1164
JAWA TENGAH,2020-05-20,0,16,1,17,60,882,239,1181
JAWA TENGAH,2020-05-21,0,23,2,25,60,905,241,1206
JAWA TENGAH,2020-05-22,0,17,0,17,60,922,241,1223
JAWA TENGAH,2020-05-23,0,54,0,54,60,976,241,1277
JAWA TENGAH,2020-05-24,0,17,4,21,60,993,245,1298
JAWA TENGAH,2020-05-25,0,1,1,2,60,994,246,1300
JAWA TENGAH,2020-05-26,0,-11,15,4,60,983,261,1304
JAWA TENGAH,2020-05-27,0,11,0,11,60,994,261,1315
JAWA TENGAH,2020-05-28,0,10,0,10,60,1004,261,1325
JAWA TENGAH,2020-05-29,0,-45,59,14,60,959,320,1339
JAWA TENGAH,2020-05-30,0,-4,20,16,60,955,340,1355
JAWA TENGAH,2020-05-31,0,31,6,37,60,986,346,1392
JAWA TENGAH,2020-06-01,0,5,9,14,60,991,355,1406
JAWA TENGAH,2020-06-02,0,14,1,15,60,1005,356,1421
JAWA TENGAH,2020-06-03,1,22,0,23,61,1027,356,1444
JAWA TENGAH,2020-06-04,0,23,1,24,61,1050,357,1468
JAWA TENGAH,2020-06-05,6,17,35,58,67,1067,392,1526
JAWA TENGAH,2020-06-06,0,25,2,27,67,1092,394,1553
JAWA TENGAH,2020-06-07,22,20,9,51,89,1112,403,1604
SULAWESI SELATAN,2020-03-21,0,2,0,2,0,2,0,2
SULAWESI SELATAN,2020-03-22,0,2,0,2,0,4,0,4
SULAWESI SELATAN,2020-03-23,1,-1,0,0,1,3,0,4
SULAWESI SELATAN,2020-03-24,0,0,0,0,1,3,0,4
SULAWESI SELATAN,2020-03-25,0,0,0,0,1,3,0,4
SULAWESI SELATAN,2020-03-26,0,14,0,14,1,17,0,18
SULAWESI SELATAN,2020-03-27,0,2,0,2,1,19,0,20
SULAWESI SELATAN,2020-03-28,0,3,0,3,1,22,0,23
SULAWESI SELATAN,2020-03-29,0,15,0,15,1,37,0,38
SULAWESI SELATAN,2020-03-30,2,2,0,4,3,39,0,42
SULAWESI SELATAN,2020-03-31,1,-1,0,0,4,38,0,42
SULAWESI SELATAN,2020-04-01,0,14,0,14,4,52,0,56
SULAWESI SELATAN,2020-04-02,2,-6,4,0,6,46,4,56
SULAWESI SELATAN,2020-04-03,0,15,0,15,6,61,4,71
SULAWESI SELATAN,2020-04-04,2,-7,5,0,8,54,9,71
SULAWESI SELATAN,2020-04-05,2,-7,7,2,10,47,16,73
SULAWESI SELATAN,2020-04-06,0,29,0,29,10,76,16,102
SULAWESI SELATAN,2020-04-07,0,8,2,10,10,84,18,112
SULAWESI SELATAN,2020-04-08,1,2,2,5,11,86,20,117
SULAWESI SELATAN,2020-04-09,0,6,0,6,11,92,20,123
SULAWESI SELATAN,2020-04-10,1,32,0,33,12,124,20,156
SULAWESI SELATAN,2020-04-11,6,5,0,11,18,129,20,167
SULAWESI SELATAN,2020-04-12,0,45,0,45,18,174,20,212
SULAWESI SELATAN,2020-04-13,1,-7,6,0,19,167,26,212
SULAWESI SELATAN,2020-04-14,3,0,5,8,22,167,31,220
SULAWESI SELATAN,2020-04-15,1,0,9,10,23,167,40,230
SULAWESI SELATAN,2020-04-16,2,25,0,27,25,192,40,257
SULAWESI SELATAN,2020-04-17,2,61,2,65,27,253,42,322
SULAWESI SELATAN,2020-04-18,2,3,5,10,29,256,47,332
SULAWESI SELATAN,2020-04-19,1,16,10,27,30,272,57,359
SULAWESI SELATAN,2020-04-20,1,-10,9,0,31,262,66,359
SULAWESI SELATAN,2020-04-21,2,4,0,6,33,266,66,365
SULAWESI SELATAN,2020-04-22,0,8,5,13,33,274,71,378
SULAWESI SELATAN,2020-04-23,0,5,5,10,33,279,76,388
SULAWESI SELATAN,2020-04-24,0,21,1,22,33,300,77,410
SULAWESI SELATAN,2020-04-25,1,11,1,13,34,311,78,423
SULAWESI SELATAN,2020-04-26,1,-11,18,8,35,300,96,431
SULAWESI SELATAN,2020-04-27,0,-7,7,0,35,293,103,431
SULAWESI SELATAN,2020-04-28,0,11,2,13,35,304,105,444
SULAWESI SELATAN,2020-04-29,0,2,10,12,35,306,115,456
SULAWESI SELATAN,2020-04-30,0,22,4,26,35,328,119,482
SULAWESI SELATAN,2020-05-01,0,43,13,56,35,371,132,538
SULAWESI SELATAN,2020-05-02,4,16,10,30,39,387,142,568
SULAWESI SELATAN,2020-05-03,0,18,6,24,39,405,148,592
SULAWESI SELATAN,2020-05-04,0,-46,52,6,39,359,200,598
SULAWESI SELATAN,2020-05-05,2,4,27,33,41,363,227,631
SULAWESI SELATAN,2020-05-06,3,15,7,25,44,378,234,656
SULAWESI SELATAN,2020-05-07,1,15,3,19,45,393,237,675
SULAWESI SELATAN,2020-05-08,2,9,13,24,47,402,250,699
SULAWESI SELATAN,2020-05-09,0,-7,9,2,47,395,259,701
SULAWESI SELATAN,2020-05-10,2,4,6,12,49,399,265,713
SULAWESI SELATAN,2020-05-11,1,-12,11,0,50,387,276,713
SULAWESI SELATAN,2020-05-12,0,19,7,26,50,406,283,739
SULAWESI SELATAN,2020-05-13,0,49,5,54,50,455,288,793
SULAWESI SELATAN,2020-05-14,0,31,5,36,50,486,293,829
SULAWESI SELATAN,2020-05-15,0,33,0,33,50,519,293,862
SULAWESI SELATAN,2020-05-16,1,26,19,46,51,545,312,908
SULAWESI SELATAN,2020-05-17,0,27,7,34,51,572,319,942
SULAWESI SELATAN,2020-05-18,3,45,18,66,54,617,337,1008
SULAWESI SELATAN,2020-05-19,0,26,21,47,54,643,358,1055
SULAWESI SELATAN,2020-05-20,1,27,9,37,55,670,367,1092
SULAWESI SELATAN,2020-05-21,3,-1,31,33,58,669,398,1125
SULAWESI SELATAN,2020-05-22,2,50,19,71,60,719,417,1196
SULAWESI SELATAN,2020-05-23,0,53,6,59,60,772,423,1255
SULAWESI SELATAN,2020-05-24,2,-3,33,32,62,769,456,1287
SULAWESI SELATAN,2020-05-25,3,13,6,22,65,782,462,1309
SULAWESI SELATAN,2020-05-26,2,-5,37,34,67,777,499,1343
SULAWESI SELATAN,2020-05-27,0,10,19,29,67,787,518,1372
SULAWESI SELATAN,2020-05-28,0,44,2,46,67,831,520,1418
SULAWESI SELATAN,2020-05-29,3,26,12,41,70,857,532,1459
SULAWESI SELATAN,2020-05-30,1,8,32,41,71,865,564,1500
SULAWESI SELATAN,2020-05-31,2,-2,32,32,73,863,596,1532
SULAWESI SELATAN,2020-06-01,1,15,29,45,74,878,625,1577
SULAWESI SELATAN,2020-06-02,0,43,0,43,74,921,625,1620
SULAWESI SELATAN,2020-06-03,0,27,11,38,74,948,636,1658
SULAWESI SELATAN,2020-06-04,4,47,3,54,78,995,639,1712
SULAWESI SELATAN,2020-06-05,15,5,34,54,93,1000,673,1766
SULAWESI SELATAN,2020-06-06,0,65,0,65,93,1065,673,1831
SULAWESI SELATAN,2020-06-07,0,64,0,64,93,1129,673,1895
BANTEN,2020-03-06,0,1,0,1,0,1,0,1
BANTEN,2020-03-07,0,0,0,0,0,1,0,1
BANTEN,2020-03-08,0,1,0,1,0,2,0,2
BANTEN,2020-03-09,0,0,0,0,0,2,0,2
BANTEN,2020-03-10,0,0,0,0,0,2,0,2
BANTEN,2020-03-11,0,0,0,0,0,2,0,2
BANTEN,2020-03-12,1,-1,0,0,1,1,0,2
BANTEN,2020-03-13,0,1,0,1,1,2,0,3
BANTEN,2020-03-14,0,1,0,1,1,3,0,4
BANTEN,2020-03-15,0,1,0,1,1,4,0,5
BANTEN,2020-03-16,0,1,0,1,1,5,0,6
BANTEN,2020-03-17,1,-1,0,0,2,4,0,6
BANTEN,2020-03-18,0,0,0,0,2,4,0,6
BANTEN,2020-03-19,1,-1,0,0,3,3,0,6
BANTEN,2020-03-20,1,-1,0,0,4,2,0,6
BANTEN,2020-03-21,0,0,0,0,4,2,0,6
BANTEN,2020-03-22,0,0,0,0,4,2,0,6
BANTEN,2020-03-23,0,0,0,0,4,2,0,6
BANTEN,2020-03-24,0,-1,1,0,4,1,1,6
BANTEN,2020-03-25,0,0,0,0,4,1,1,6
BANTEN,2020-03-26,0,-1,1,0,4,0,2,6
BANTEN,2020-03-27,0,25,0,25,4,25,2,31
BANTEN,2020-03-28,0,9,1,10,4,34,3,41
BANTEN,2020-03-29,2,0,0,2,6,34,3,43
BANTEN,2020-03-30,0,22,0,22,6,56,3,65
BANTEN,2020-03-31,8,6,0,14,14,62,3,79
BANTEN,2020-04-01,0,7,5,12,14,69,8,91
BANTEN,2020-04-02,1,5,0,6,15,74,8,97
BANTEN,2020-04-03,3,1,0,4,18,75,8,101
BANTEN,2020-04-04,0,3,0,3,18,78,8,104
BANTEN,2020-04-05,0,4,0,4,18,82,8,108
BANTEN,2020-04-06,1,7,1,9,19,89,9,117
BANTEN,2020-04-07,1,5,0,6,20,94,9,123
BANTEN,2020-04-08,0,19,0,19,20,113,9,142
BANTEN,2020-04-09,2,1,0,3,22,114,9,145
BANTEN,2020-04-10,1,20,0,21,23,134,9,166
BANTEN,2020-04-11,0,30,1,31,23,164,10,197
BANTEN,2020-04-12,0,1,1,2,23,165,11,199
BANTEN,2020-04-13,1,2,0,3,24,167,11,202
BANTEN,2020-04-14,0,5,0,5,24,172,11,207
BANTEN,2020-04-15,2,-3,1,0,26,169,12,207
BANTEN,2020-04-16,6,9,0,15,32,178,12,222
BANTEN,2020-04-17,2,6,0,8,34,184,12,230
BANTEN,2020-04-18,0,11,0,11,34,195,12,241
BANTEN,2020-04-19,0,3,0,3,34,198,12,244
BANTEN,2020-04-20,0,23,6,29,34,221,18,273
BANTEN,2020-04-21,0,0,0,0,34,221,18,273
BANTEN,2020-04-22,0,-10,11,1,34,211,29,274
BANTEN,2020-04-23,0,3,0,3,34,214,29,277
BANTEN,2020-04-24,4,15,4,23,38,229,33,300
BANTEN,2020-04-25,0,11,0,11,38,240,33,311
BANTEN,2020-04-26,0,0,0,0,38,240,33,311
BANTEN,2020-04-27,1,11,0,12,39,251,33,323
BANTEN,2020-04-28,1,5,0,6,40,256,33,329
BANTEN,2020-04-29,0,0,0,0,40,256,33,329
BANTEN,2020-04-30,0,15,1,16,40,271,34,345
BANTEN,2020-05-01,0,14,0,14,40,285,34,359
BANTEN,2020-05-02,0,9,0,9,40,294,34,368
BANTEN,2020-05-03,0,5,0,5,40,299,34,373
BANTEN,2020-05-04,0,14,0,14,40,313,34,387
BANTEN,2020-05-05,0,-73,83,10,40,240,117,397
BANTEN,2020-05-06,0,24,5,29,40,264,122,426
BANTEN,2020-05-07,15,-15,0,0,55,249,122,426
BANTEN,2020-05-08,0,20,0,20,55,269,122,446
BANTEN,2020-05-09,0,19,0,19,55,288,122,465
BANTEN,2020-05-10,0,10,0,10,55,298,122,475
BANTEN,2020-05-11,0,-16,24,8,55,282,146,483
BANTEN,2020-05-12,0,11,7,18,55,293,153,501
BANTEN,2020-05-13,1,15,4,20,56,308,157,521
BANTEN,2020-05-14,0,13,1,14,56,321,158,535
BANTEN,2020-05-15,3,25,0,28,59,346,158,563
BANTEN,2020-05-16,1,-1,0,0,60,345,158,563
BANTEN,2020-05-17,0,23,1,24,60,368,159,587
BANTEN,2020-05-18,1,28,3,32,61,396,162,619
BANTEN,2020-05-19,0,21,0,21,61,417,162,640
BANTEN,2020-05-20,0,1,0,1,61,418,162,641
BANTEN,2020-05-21,3,42,9,54,64,460,171,695
BANTEN,2020-05-22,1,13,1,15,65,473,172,710
BANTEN,2020-05-23,0,0,0,0,65,473,172,710
BANTEN,2020-05-24,0,17,4,21,65,490,176,731
BANTEN,2020-05-25,0,0,0,0,65,490,176,731
BANTEN,2020-05-26,0,16,2,18,65,506,178,749
BANTEN,2020-05-27,0,7,3,10,65,513,181,759
BANTEN,2020-05-28,0,-9,24,15,65,504,205,774
BANTEN,2020-05-29,3,-2,12,13,68,502,217,787
BANTEN,2020-05-30,0,-13,27,14,68,489,244,801
BANTEN,2020-05-31,0,3,0,3,68,492,244,804
BANTEN,2020-06-01,0,-1,8,7,68,491,252,811
BANTEN,2020-06-02,0,-7,21,14,68,484,273,825
BANTEN,2020-06-03,0,71,0,71,68,555,273,896
BANTEN,2020-06-04,0,4,6,10,68,559,279,906
BANTEN,2020-06-05,1,-22,45,24,69,537,324,930
BANTEN,2020-06-06,1,-5,41,37,70,532,365,967
BANTEN,2020-06-07,0,5,5,10,70,537,370,977
NUSA TENGGARA BARAT,2020-03-31,0,2,0,2,0,2,0,2
NUSA TENGGARA BARAT,2020-04-01,0,2,0,2,0,4,0,4
NUSA TENGGARA BARAT,2020-04-02,0,0,0,0,0,4,0,4
NUSA TENGGARA BARAT,2020-04-03,0,0,0,0,0,4,0,4
NUSA TENGGARA BARAT,2020-04-04,0,0,0,0,0,4,0,4
NUSA TENGGARA BARAT,2020-04-05,0,0,0,0,0,4,0,4
NUSA TENGGARA BARAT,2020-04-06,0,3,0,3,0,7,0,7
NUSA TENGGARA BARAT,2020-04-07,0,0,0,0,0,7,0,7
NUSA TENGGARA BARAT,2020-04-08,0,0,0,0,0,7,0,7
NUSA TENGGARA BARAT,2020-04-09,0,3,2,5,0,10,2,12
NUSA TENGGARA BARAT,2020-04-10,0,9,0,9,0,19,2,21
NUSA TENGGARA BARAT,2020-04-11,2,0,0,2,2,19,2,23
NUSA TENGGARA BARAT,2020-04-12,0,9,0,9,2,28,2,32
NUSA TENGGARA BARAT,2020-04-13,0,3,0,3,2,31,2,35
NUSA TENGGARA BARAT,2020-04-14,0,0,0,0,2,31,2,35
NUSA TENGGARA BARAT,2020-04-15,0,0,0,0,2,31,2,35
NUSA TENGGARA BARAT,2020-04-16,0,8,0,8,2,39,2,43
NUSA TENGGARA BARAT,2020-04-17,0,6,0,6,2,45,2,49
NUSA TENGGARA BARAT,2020-04-18,0,4,0,4,2,49,2,53
NUSA TENGGARA BARAT,2020-04-19,1,-4,9,6,3,45,11,59
NUSA TENGGARA BARAT,2020-04-20,1,10,0,11,4,55,11,70
NUSA TENGGARA BARAT,2020-04-21,0,21,0,21,4,76,11,91
NUSA TENGGARA BARAT,2020-04-22,0,15,0,15,4,91,11,106
NUSA TENGGARA BARAT,2020-04-23,0,5,2,7,4,96,13,113
NUSA TENGGARA BARAT,2020-04-24,0,36,2,38,4,132,15,151
NUSA TENGGARA BARAT,2020-04-25,0,22,5,27,4,154,20,178
NUSA TENGGARA BARAT,2020-04-26,0,15,0,15,4,169,20,193
NUSA TENGGARA BARAT,2020-04-27,0,9,2,11,4,178,22,204
NUSA TENGGARA BARAT,2020-04-28,0,13,2,15,4,191,24,219
NUSA TENGGARA BARAT,2020-04-29,0,2,7,9,4,193,31,228
NUSA TENGGARA BARAT,2020-04-30,0,0,0,0,4,193,31,228
NUSA TENGGARA BARAT,2020-05-01,0,3,0,3,4,196,31,231
NUSA TENGGARA BARAT,2020-05-02,0,16,1,17,4,212,32,248
NUSA TENGGARA BARAT,2020-05-03,0,14,4,18,4,226,36,266
NUSA TENGGARA BARAT,2020-05-04,0,0,0,0,4,226,36,266
NUSA TENGGARA BARAT,2020-05-05,0,6,10,16,4,232,46,282
NUSA TENGGARA BARAT,2020-05-06,1,-3,7,5,5,229,53,287
NUSA TENGGARA BARAT,2020-05-07,0,7,4,11,5,236,57,298
NUSA TENGGARA BARAT,2020-05-08,0,-11,23,12,5,225,80,310
NUSA TENGGARA BARAT,2020-05-09,1,10,7,18,6,235,87,328
NUSA TENGGARA BARAT,2020-05-10,0,-5,5,0,6,230,92,328
NUSA TENGGARA BARAT,2020-05-11,0,-12,13,1,6,218,105,329
NUSA TENGGARA BARAT,2020-05-12,0,8,0,8,6,226,105,337
NUSA TENGGARA BARAT,2020-05-13,1,-5,9,5,7,221,114,342
NUSA TENGGARA BARAT,2020-05-14,0,-18,24,6,7,203,138,348
NUSA TENGGARA BARAT,2020-05-15,0,-42,50,8,7,161,188,356
NUSA TENGGARA BARAT,2020-05-16,0,7,0,7,7,168,188,363
NUSA TENGGARA BARAT,2020-05-17,0,-6,12,6,7,162,200,369
NUSA TENGGARA BARAT,2020-05-18,0,-9,13,4,7,153,213,373
NUSA TENGGARA BARAT,2020-05-19,0,0,0,0,7,153,213,373
NUSA TENGGARA BARAT,2020-05-20,0,18,0,18,7,171,213,391
NUSA TENGGARA BARAT,2020-05-21,0,13,4,17,7,184,217,408
NUSA TENGGARA BARAT,2020-05-22,0,51,3,54,7,235,220,462
NUSA TENGGARA BARAT,2020-05-23,1,2,7,10,8,237,227,472
NUSA TENGGARA BARAT,2020-05-24,0,4,0,4,8,241,227,476
NUSA TENGGARA BARAT,2020-05-25,0,-31,31,0,8,210,258,476
NUSA TENGGARA BARAT,2020-05-26,0,10,0,10,8,220,258,486
NUSA TENGGARA BARAT,2020-05-27,1,34,14,49,9,254,272,535
NUSA TENGGARA BARAT,2020-05-28,1,23,1,25,10,277,273,560
NUSA TENGGARA BARAT,2020-05-29,0,25,3,28,10,302,276,588
NUSA TENGGARA BARAT,2020-05-30,0,1,3,4,10,303,279,592
NUSA TENGGARA BARAT,2020-05-31,0,30,12,42,10,333,291,634
NUSA TENGGARA BARAT,2020-06-01,0,15,1,16,10,348,292,650
NUSA TENGGARA BARAT,2020-06-02,2,16,0,18,12,364,292,668
NUSA TENGGARA BARAT,2020-06-03,1,9,5,15,13,373,297,683
NUSA TENGGARA BARAT,2020-06-04,4,14,2,20,17,387,299,703
NUSA TENGGARA BARAT,2020-06-05,3,49,0,52,20,436,299,755
NUSA TENGGARA BARAT,2020-06-06,1,28,12,41,21,464,311,796
NUSA TENGGARA BARAT,2020-06-07,0,-4,14,10,21,460,325,806
BALI,2020-03-29,0,1,0,1,0,1,0,1
BALI,2020-03-30,0,9,0,9,0,10,0,10
BALI,2020-03-31,0,-3,3,0,0,7,3,10
BALI,2020-04-01,0,4,2,6,0,11,5,16
BALI,2020-04-02,0,0,0,0,0,11,5,16
BALI,2020-04-03,0,3,0,3,0,14,5,19
BALI,2020-04-04,0,5,0,5,0,19,5,24
BALI,2020-04-05,0,-3,6,3,0,16,11,27
BALI,2020-04-06,0,7,0,7,0,23,11,34
BALI,2020-04-07,0,0,0,0,0,23,11,34
BALI,2020-04-08,0,6,0,6,0,29,11,40
BALI,2020-04-09,0,14,0,14,0,43,11,54
BALI,2020-04-10,0,11,1,12,0,54,12,66
BALI,2020-04-11,0,4,0,4,0,58,12,70
BALI,2020-04-12,0,2,0,2,0,60,12,72
BALI,2020-04-13,0,4,1,5,0,64,13,77
BALI,2020-04-14,0,5,1,6,0,69,14,83
BALI,2020-04-15,0,6,0,6,0,75,14,89
BALI,2020-04-16,0,6,9,15,0,81,23,104
BALI,2020-04-17,0,6,5,11,0,87,28,115
BALI,2020-04-18,0,7,0,7,0,94,28,122
BALI,2020-04-19,1,1,2,4,1,95,30,126
BALI,2020-04-20,0,1,4,5,1,96,34,131
BALI,2020-04-21,0,10,0,10,1,106,34,141
BALI,2020-04-22,1,-4,5,2,2,102,39,143
BALI,2020-04-23,0,7,8,15,2,109,47,158
BALI,2020-04-24,0,8,2,10,2,117,49,168
BALI,2020-04-25,0,-7,13,6,2,110,62,174
BALI,2020-04-26,0,-2,5,3,2,108,67,177
BALI,2020-04-27,0,1,6,7,2,109,73,184
BALI,2020-04-28,0,15,7,22,2,124,80,206
BALI,2020-04-29,0,-8,8,0,2,116,88,206
BALI,2020-04-30,0,-10,17,7,2,106,105,213
BALI,2020-05-01,0,5,8,13,2,111,113,226
BALI,2020-05-02,0,-6,8,2,2,105,121,228
BALI,2020-05-03,0,3,22,25,2,108,143,253
BALI,2020-05-04,0,-1,10,9,2,107,153,262
BALI,2020-05-05,0,5,1,6,2,112,154,268
BALI,2020-05-06,0,-6,6,0,2,106,160,268
BALI,2020-05-07,0,-7,17,10,2,99,177,278
BALI,2020-05-08,0,1,12,13,2,100,189,291
BALI,2020-05-09,0,4,2,6,2,104,191,297
BALI,2020-05-10,0,-2,7,5,2,102,198,302
BALI,2020-05-11,0,-3,6,3,2,99,204,305
BALI,2020-05-12,0,9,5,14,2,108,209,319
BALI,2020-05-13,0,-1,5,4,2,107,214,323
BALI,2020-05-14,0,2,3,5,2,109,217,328
BALI,2020-05-15,0,-3,9,6,2,106,226,334
BALI,2020-05-16,0,-8,11,3,2,98,237,337
BALI,2020-05-17,0,-4,6,2,2,94,243,339
BALI,2020-05-18,0,4,7,11,2,98,250,350
BALI,2020-05-19,0,-6,10,4,2,92,260,354
BALI,2020-05-20,0,-1,9,8,2,91,269,362
BALI,2020-05-21,0,-1,4,3,2,90,273,365
BALI,2020-05-22,0,2,4,6,2,92,277,371
BALI,2020-05-23,0,5,3,8,2,97,280,379
BALI,2020-05-24,0,0,6,6,2,97,286,385
BALI,2020-05-25,0,0,2,2,2,97,288,387
BALI,2020-05-26,0,11,0,11,2,108,288,398
BALI,2020-05-27,0,1,7,8,2,109,295,406
BALI,2020-05-28,0,-7,12,5,2,102,307,411
BALI,2020-05-29,0,17,6,23,2,119,313,434
BALI,2020-05-30,0,4,8,12,2,123,321,446
BALI,2020-05-31,0,9,1,10,2,132,322,456
BALI,2020-06-01,1,11,5,17,3,143,327,473
BALI,2020-06-02,0,5,0,5,3,148,327,478
BALI,2020-06-03,0,-12,15,3,3,136,342,481
BALI,2020-06-04,0,5,15,20,3,141,357,501
BALI,2020-06-05,0,9,5,14,3,150,362,515
BALI,2020-06-06,0,31,2,33,3,181,364,548
BALI,2020-06-07,0,23,2,25,3,204,366,573
PAPUA,2020-03-22,0,2,0,2,0,2,0,2
PAPUA,2020-03-23,0,0,0,0,0,2,0,2
PAPUA,2020-03-24,0,0,0,0,0,2,0,2
PAPUA,2020-03-25,0,0,0,0,0,2,0,2
PAPUA,2020-03-26,0,4,0,4,0,6,0,6
PAPUA,2020-03-27,0,0,0,0,0,6,0,6
PAPUA,2020-03-28,0,0,0,0,0,6,0,6
PAPUA,2020-03-29,0,2,0,2,0,8,0,8
PAPUA,2020-03-30,0,0,0,0,0,8,0,8
PAPUA,2020-03-31,0,0,1,1,0,8,1,9
PAPUA,2020-04-01,0,-1,1,0,0,7,2,9
PAPUA,2020-04-02,0,-1,1,0,0,6,3,9
PAPUA,2020-04-03,1,5,0,6,1,11,3,15
PAPUA,2020-04-04,0,1,1,2,1,12,4,17
PAPUA,2020-04-05,0,8,0,8,1,20,4,25
PAPUA,2020-04-06,1,-1,0,0,2,19,4,25
PAPUA,2020-04-07,1,-1,0,0,3,18,4,25
PAPUA,2020-04-08,0,11,0,11,3,29,4,36
PAPUA,2020-04-09,0,0,0,0,3,29,4,36
PAPUA,2020-04-10,1,-2,1,0,4,27,5,36
PAPUA,2020-04-11,0,22,2,24,4,49,7,60
PAPUA,2020-04-12,0,-1,2,1,4,48,9,61
PAPUA,2020-04-13,0,6,0,6,4,54,9,67
PAPUA,2020-04-14,0,0,0,0,4,54,9,67
PAPUA,2020-04-15,0,7,0,7,4,61,9,74
PAPUA,2020-04-16,2,-2,5,5,6,59,14,79
PAPUA,2020-04-17,0,9,0,9,6,68,14,88
PAPUA,2020-04-18,0,6,0,6,6,74,14,94
PAPUA,2020-04-19,0,12,0,12,6,86,14,106
PAPUA,2020-04-20,0,-14,14,0,6,72,28,106
PAPUA,2020-04-21,0,7,4,11,6,79,32,117
PAPUA,2020-04-22,0,5,0,5,6,84,32,122
PAPUA,2020-04-23,0,7,0,7,6,91,32,129
PAPUA,2020-04-24,0,6,0,6,6,97,32,135
PAPUA,2020-04-25,0,0,0,0,6,97,32,135
PAPUA,2020-04-26,0,5,0,5,6,102,32,140
PAPUA,2020-04-27,0,10,0,10,6,112,32,150
PAPUA,2020-04-28,0,11,15,26,6,123,47,176
PAPUA,2020-04-29,0,12,0,12,6,135,47,188
PAPUA,2020-04-30,0,16,0,16,6,151,47,204
PAPUA,2020-05-01,0,4,1,5,6,155,48,209
PAPUA,2020-05-02,0,29,0,29,6,184,48,238
PAPUA,2020-05-03,0,0,0,0,6,184,48,238
PAPUA,2020-05-04,0,0,0,0,6,184,48,238
PAPUA,2020-05-05,0,6,0,6,6,190,48,244
PAPUA,2020-05-06,0,1,0,1,6,191,48,245
PAPUA,2020-05-07,0,4,0,4,6,195,48,249
PAPUA,2020-05-08,0,13,0,13,6,208,48,262
PAPUA,2020-05-09,0,12,0,12,6,220,48,274
PAPUA,2020-05-10,0,30,0,30,6,250,48,304
PAPUA,2020-05-11,0,0,0,0,6,250,48,304
PAPUA,2020-05-12,0,16,0,16,6,266,48,320
PAPUA,2020-05-13,0,5,0,5,6,271,48,325
PAPUA,2020-05-14,0,4,0,4,6,275,48,329
PAPUA,2020-05-15,0,3,0,3,6,278,48,332
PAPUA,2020-05-16,0,15,0,15,6,293,48,347
PAPUA,2020-05-17,0,33,0,33,6,326,48,380
PAPUA,2020-05-18,0,0,0,0,6,326,48,380
PAPUA,2020-05-19,0,6,0,6,6,332,48,386
PAPUA,2020-05-20,0,20,0,20,6,352,48,406
PAPUA,2020-05-21,0,1,0,1,6,353,48,407
PAPUA,2020-05-22,0,27,0,27,6,380,48,434
PAPUA,2020-05-23,0,56,0,56,6,436,48,490
PAPUA,2020-05-24,0,62,0,62,6,498,48,552
PAPUA,2020-05-25,0,-11,20,9,6,487,68,561
PAPUA,2020-05-26,0,0,0,0,6,487,68,561
PAPUA,2020-05-27,0,14,0,14,6,501,68,575
PAPUA,2020-05-28,0,4,0,4,6,505,68,579
PAPUA,2020-05-29,0,56,0,56,6,561,68,635
PAPUA,2020-05-30,0,18,0,18,6,579,68,653
PAPUA,2020-05-31,0,17,0,17,6,596,68,670
PAPUA,2020-06-01,0,42,0,42,6,638,68,712
PAPUA,2020-06-02,1,88,10,99,7,726,78,811
PAPUA,2020-06-03,0,46,0,46,7,772,78,857
PAPUA,2020-06-04,0,17,0,17,7,789,78,874
PAPUA,2020-06-05,0,43,0,43,7,832,78,917
PAPUA,2020-06-06,0,87,0,87,7,919,78,1004
PAPUA,2020-06-07,0,59,0,59,7,978,78,1063
KALIMANTAN SELATAN,2020-03-30,0,5,0,5,0,5,0,5
KALIMANTAN SELATAN,2020-03-31,0,2,0,2,0,7,0,7
KALIMANTAN SELATAN,2020-04-01,0,0,0,0,0,7,0,7
KALIMANTAN SELATAN,2020-04-02,0,0,0,0,0,7,0,7
KALIMANTAN SELATAN,2020-04-03,0,0,0,0,0,7,0,7
KALIMANTAN SELATAN,2020-04-04,0,0,0,0,0,7,0,7
KALIMANTAN SELATAN,2020-04-05,1,7,0,8,1,14,0,15
KALIMANTAN SELATAN,2020-04-06,0,2,0,2,1,16,0,17
KALIMANTAN SELATAN,2020-04-07,2,-2,0,0,3,14,0,17
KALIMANTAN SELATAN,2020-04-08,0,3,1,4,3,17,1,21
KALIMANTAN SELATAN,2020-04-09,1,-3,2,0,4,14,3,21
KALIMANTAN SELATAN,2020-04-10,0,7,0,7,4,21,3,28
KALIMANTAN SELATAN,2020-04-11,1,-1,0,0,5,20,3,28
KALIMANTAN SELATAN,2020-04-12,0,5,0,5,5,25,3,33
KALIMANTAN SELATAN,2020-04-13,0,-1,1,0,5,24,4,33
KALIMANTAN SELATAN,2020-04-14,2,1,0,3,7,25,4,36
KALIMANTAN SELATAN,2020-04-15,0,11,1,12,7,36,5,48
KALIMANTAN SELATAN,2020-04-16,0,5,4,9,7,41,9,57
KALIMANTAN SELATAN,2020-04-17,0,15,0,15,7,56,9,72
KALIMANTAN SELATAN,2020-04-18,0,17,1,18,7,73,10,90
KALIMANTAN SELATAN,2020-04-19,0,4,0,4,7,77,10,94
KALIMANTAN SELATAN,2020-04-20,0,0,0,0,7,77,10,94
KALIMANTAN SELATAN,2020-04-21,0,1,1,2,7,78,11,96
KALIMANTAN SELATAN,2020-04-22,0,10,0,10,7,88,11,106
KALIMANTAN SELATAN,2020-04-23,1,6,0,7,8,94,11,113
KALIMANTAN SELATAN,2020-04-24,0,18,0,18,8,112,11,131
KALIMANTAN SELATAN,2020-04-25,0,10,4,14,8,122,15,145
KALIMANTAN SELATAN,2020-04-26,0,-1,1,0,8,121,16,145
KALIMANTAN SELATAN,2020-04-27,0,4,0,4,8,125,16,149
KALIMANTAN SELATAN,2020-04-28,1,-5,4,0,9,120,20,149
KALIMANTAN SELATAN,2020-04-29,0,7,0,7,9,127,20,156
KALIMANTAN SELATAN,2020-04-30,0,13,0,13,9,140,20,169
KALIMANTAN SELATAN,2020-05-01,0,5,4,9,9,145,24,178
KALIMANTAN SELATAN,2020-05-02,0,0,0,0,9,145,24,178
KALIMANTAN SELATAN,2020-05-03,0,16,0,16,9,161,24,194
KALIMANTAN SELATAN,2020-05-04,0,3,0,3,9,164,24,197
KALIMANTAN SELATAN,2020-05-05,0,14,0,14,9,178,24,211
KALIMANTAN SELATAN,2020-05-06,0,13,0,13,9,191,24,224
KALIMANTAN SELATAN,2020-05-07,0,13,0,13,9,204,24,237
KALIMANTAN SELATAN,2020-05-08,0,8,0,8,9,212,24,245
KALIMANTAN SELATAN,2020-05-09,0,7,0,7,9,219,24,252
KALIMANTAN SELATAN,2020-05-10,0,7,0,7,9,226,24,259
KALIMANTAN SELATAN,2020-05-11,0,0,0,0,9,226,24,259
KALIMANTAN SELATAN,2020-05-12,0,14,0,14,9,240,24,273
KALIMANTAN SELATAN,2020-05-13,0,14,0,14,9,254,24,287
KALIMANTAN SELATAN,2020-05-14,0,2,0,2,9,256,24,289
KALIMANTAN SELATAN,2020-05-15,27,40,0,67,36,296,24,356
KALIMANTAN SELATAN,2020-05-16,0,-42,49,7,36,254,73,363
KALIMANTAN SELATAN,2020-05-17,8,-6,0,2,44,248,73,365
KALIMANTAN SELATAN,2020-05-18,2,70,0,72,46,318,73,437
KALIMANTAN SELATAN,2020-05-19,5,38,3,46,51,356,76,483
KALIMANTAN SELATAN,2020-05-20,4,55,0,59,55,411,76,542
KALIMANTAN SELATAN,2020-05-21,4,3,1,8,59,414,77,550
KALIMANTAN SELATAN,2020-05-22,1,20,0,21,60,434,77,571
KALIMANTAN SELATAN,2020-05-23,2,16,0,18,62,450,77,589
KALIMANTAN SELATAN,2020-05-24,2,4,3,9,64,454,80,598
KALIMANTAN SELATAN,2020-05-25,2,1,0,3,66,455,80,601
KALIMANTAN SELATAN,2020-05-26,8,20,0,28,74,475,80,629
KALIMANTAN SELATAN,2020-05-27,0,73,0,73,74,548,80,702
KALIMANTAN SELATAN,2020-05-28,1,111,2,114,75,659,82,816
KALIMANTAN SELATAN,2020-05-29,5,53,15,73,80,712,97,889
KALIMANTAN SELATAN,2020-05-30,0,1,2,3,80,713,99,892
KALIMANTAN SELATAN,2020-05-31,6,20,0,26,86,733,99,918
KALIMANTAN SELATAN,2020-06-01,1,28,0,29,87,761,99,947
KALIMANTAN SELATAN,2020-06-02,3,16,2,21,90,777,101,968
KALIMANTAN SELATAN,2020-06-03,3,61,0,64,93,838,101,1032
KALIMANTAN SELATAN,2020-06-04,0,106,3,109,93,944,104,1141
KALIMANTAN SELATAN,2020-06-05,2,69,0,71,95,1013,104,1212
KALIMANTAN SELATAN,2020-06-06,2,28,4,34,97,1041,108,1246
KALIMANTAN SELATAN,2020-06-07,0,38,0,38,97,1079,108,1284
SUMATERA BARAT,2020-03-26,0,3,0,3,0,3,0,3
SUMATERA BARAT,2020-03-27,0,2,0,2,0,5,0,5
SUMATERA BARAT,2020-03-28,0,0,0,0,0,5,0,5
SUMATERA BARAT,2020-03-29,0,0,0,0,0,5,0,5
SUMATERA BARAT,2020-03-30,0,3,0,3,0,8,0,8
SUMATERA BARAT,2020-03-31,0,0,0,0,0,8,0,8
SUMATERA BARAT,2020-04-01,0,0,0,0,0,8,0,8
SUMATERA BARAT,2020-04-02,0,0,0,0,0,8,0,8
SUMATERA BARAT,2020-04-03,0,0,0,0,0,8,0,8
SUMATERA BARAT,2020-04-04,0,0,0,0,0,8,0,8
SUMATERA BARAT,2020-04-05,0,0,0,0,0,8,0,8
SUMATERA BARAT,2020-04-06,0,10,0,10,0,18,0,18
SUMATERA BARAT,2020-04-07,0,0,0,0,0,18,0,18
SUMATERA BARAT,2020-04-08,0,0,0,0,0,18,0,18
SUMATERA BARAT,2020-04-09,0,0,0,0,0,18,0,18
SUMATERA BARAT,2020-04-10,3,5,5,13,3,23,5,31
SUMATERA BARAT,2020-04-11,0,0,0,0,3,23,5,31
SUMATERA BARAT,2020-04-12,0,12,1,13,3,35,6,44
SUMATERA BARAT,2020-04-13,0,1,0,1,3,36,6,45
SUMATERA BARAT,2020-04-14,1,2,0,3,4,38,6,48
SUMATERA BARAT,2020-04-15,0,6,1,7,4,44,7,55
SUMATERA BARAT,2020-04-16,0,0,0,0,4,44,7,55
SUMATERA BARAT,2020-04-17,2,2,3,7,6,46,10,62
SUMATERA BARAT,2020-04-18,1,6,2,9,7,52,12,71
SUMATERA BARAT,2020-04-19,0,1,0,1,7,53,12,72
SUMATERA BARAT,2020-04-20,0,1,1,2,7,54,13,74
SUMATERA BARAT,2020-04-21,1,1,0,2,8,55,13,76
SUMATERA BARAT,2020-04-22,1,4,0,5,9,59,13,81
SUMATERA BARAT,2020-04-23,0,2,3,5,9,61,16,86
SUMATERA BARAT,2020-04-24,1,8,1,10,10,69,17,96
SUMATERA BARAT,2020-04-25,1,-4,4,1,11,65,21,97
SUMATERA BARAT,2020-04-26,0,5,0,5,11,70,21,102
SUMATERA BARAT,2020-04-27,3,12,4,19,14,82,25,121
SUMATERA BARAT,2020-04-28,0,23,0,23,14,105,25,144
SUMATERA BARAT,2020-04-29,1,0,0,1,15,105,25,145
SUMATERA BARAT,2020-04-30,0,2,1,3,15,107,26,148
SUMATERA BARAT,2020-05-01,0,19,5,24,15,126,31,172
SUMATERA BARAT,2020-05-02,1,9,0,10,16,135,31,182
SUMATERA BARAT,2020-05-03,0,8,5,13,16,143,36,195
SUMATERA BARAT,2020-05-04,0,6,2,8,16,149,38,203
SUMATERA BARAT,2020-05-05,0,17,1,18,16,166,39,221
SUMATERA BARAT,2020-05-06,0,17,0,17,16,183,39,238
SUMATERA BARAT,2020-05-07,1,10,3,14,17,193,42,252
SUMATERA BARAT,2020-05-08,0,11,7,18,17,204,49,270
SUMATERA BARAT,2020-05-09,0,10,6,16,17,214,55,286
SUMATERA BARAT,2020-05-10,0,11,2,13,17,225,57,299
SUMATERA BARAT,2020-05-11,0,-11,11,0,17,214,68,299
SUMATERA BARAT,2020-05-12,1,16,3,20,18,230,71,319
SUMATERA BARAT,2020-05-13,1,6,13,20,19,236,84,339
SUMATERA BARAT,2020-05-14,2,27,3,32,21,263,87,371
SUMATERA BARAT,2020-05-15,0,19,3,22,21,282,90,393
SUMATERA BARAT,2020-05-16,1,-1,3,3,22,281,93,396
SUMATERA BARAT,2020-05-17,0,9,3,12,22,290,96,408
SUMATERA BARAT,2020-05-18,0,-11,12,1,22,279,108,409
SUMATERA BARAT,2020-05-19,0,1,10,11,22,280,118,420
SUMATERA BARAT,2020-05-20,1,-21,28,8,23,259,146,428
SUMATERA BARAT,2020-05-21,0,1,7,8,23,260,153,436
SUMATERA BARAT,2020-05-22,0,-3,5,2,23,257,158,438
SUMATERA BARAT,2020-05-23,1,-14,18,5,24,243,176,443
SUMATERA BARAT,2020-05-24,0,30,5,35,24,273,181,478
SUMATERA BARAT,2020-05-25,0,-5,5,0,24,268,186,478
SUMATERA BARAT,2020-05-26,0,10,22,32,24,278,208,510
SUMATERA BARAT,2020-05-27,1,-2,28,27,25,276,236,537
SUMATERA BARAT,2020-05-28,0,-4,8,4,25,272,244,541
SUMATERA BARAT,2020-05-29,0,-6,6,0,25,266,250,541
SUMATERA BARAT,2020-05-30,0,5,6,11,25,271,256,552
SUMATERA BARAT,2020-05-31,0,6,9,15,25,277,265,567
SUMATERA BARAT,2020-06-01,0,-2,2,0,25,275,267,567
SUMATERA BARAT,2020-06-02,0,2,5,7,25,277,272,574
SUMATERA BARAT,2020-06-03,0,4,5,9,25,281,277,583
SUMATERA BARAT,2020-06-04,0,-24,35,11,25,257,312,594
SUMATERA BARAT,2020-06-05,2,-10,21,13,27,247,333,607
SUMATERA BARAT,2020-06-06,0,8,3,11,27,255,336,618
SUMATERA BARAT,2020-06-07,0,4,4,8,27,259,340,626
SUMATERA SELATAN,2020-03-28,0,1,0,1,0,1,0,1
SUMATERA SELATAN,2020-03-29,0,0,0,0,0,1,0,1
SUMATERA SELATAN,2020-03-30,0,0,0,0,0,1,0,1
SUMATERA SELATAN,2020-03-31,0,3,0,3,0,4,0,4
SUMATERA SELATAN,2020-04-01,0,0,0,0,0,4,0,4
SUMATERA SELATAN,2020-04-02,0,6,0,6,0,10,0,10
SUMATERA SELATAN,2020-04-03,0,1,0,1,0,11,0,11
SUMATERA SELATAN,2020-04-04,0,-1,1,0,0,10,1,11
SUMATERA SELATAN,2020-04-05,0,4,0,4,0,14,1,15
SUMATERA SELATAN,2020-04-06,0,0,0,0,0,14,1,15
SUMATERA SELATAN,2020-04-07,0,0,0,0,0,14,1,15
SUMATERA SELATAN,2020-04-08,0,0,0,0,0,14,1,15
SUMATERA SELATAN,2020-04-09,0,1,0,1,0,15,1,16
SUMATERA SELATAN,2020-04-10,0,1,0,1,0,16,1,17
SUMATERA SELATAN,2020-04-11,0,0,0,0,0,16,1,17
SUMATERA SELATAN,2020-04-12,0,-2,2,0,0,14,3,17
SUMATERA SELATAN,2020-04-13,0,0,0,0,0,14,3,17
SUMATERA SELATAN,2020-04-14,0,1,0,1,0,15,3,18
SUMATERA SELATAN,2020-04-15,0,2,1,3,0,17,4,21
SUMATERA SELATAN,2020-04-16,0,18,0,18,0,35,4,39
SUMATERA SELATAN,2020-04-17,0,14,0,14,0,49,4,53
SUMATERA SELATAN,2020-04-18,1,29,0,30,1,78,4,83
SUMATERA SELATAN,2020-04-19,0,5,0,5,1,83,4,88
SUMATERA SELATAN,2020-04-20,0,0,0,0,1,83,4,88
SUMATERA SELATAN,2020-04-21,0,0,0,0,1,83,4,88
SUMATERA SELATAN,2020-04-22,0,0,0,0,1,83,4,88
SUMATERA SELATAN,2020-04-23,0,3,1,4,1,86,5,92
SUMATERA SELATAN,2020-04-24,0,11,2,13,1,97,7,105
SUMATERA SELATAN,2020-04-25,0,3,10,13,1,100,17,118
SUMATERA SELATAN,2020-04-26,0,10,0,10,1,110,17,128
SUMATERA SELATAN,2020-04-27,0,-4,4,0,1,106,21,128
SUMATERA SELATAN,2020-04-28,0,11,3,14,1,117,24,142
SUMATERA SELATAN,2020-04-29,0,1,0,1,1,118,24,143
SUMATERA SELATAN,2020-04-30,0,6,0,6,1,124,24,149
SUMATERA SELATAN,2020-05-01,0,1,5,6,1,125,29,155
SUMATERA SELATAN,2020-05-02,2,-2,0,0,3,123,29,155
SUMATERA SELATAN,2020-05-03,0,21,7,28,3,144,36,183
SUMATERA SELATAN,2020-05-04,1,-8,7,0,4,136,43,183
SUMATERA SELATAN,2020-05-05,0,11,4,15,4,147,47,198
SUMATERA SELATAN,2020-05-06,1,10,0,11,5,157,47,209
SUMATERA SELATAN,2020-05-07,2,13,2,17,7,170,49,226
SUMATERA SELATAN,2020-05-08,1,-1,0,0,8,169,49,226
SUMATERA SELATAN,2020-05-09,0,45,6,51,8,214,55,277
SUMATERA SELATAN,2020-05-10,3,-12,9,0,11,202,64,277
SUMATERA SELATAN,2020-05-11,0,0,0,0,11,202,64,277
SUMATERA SELATAN,2020-05-12,1,-9,9,1,12,193,73,278
SUMATERA SELATAN,2020-05-13,2,41,0,43,14,234,73,321
SUMATERA SELATAN,2020-05-14,1,116,0,117,15,350,73,438
SUMATERA SELATAN,2020-05-15,1,14,0,15,16,364,73,453
SUMATERA SELATAN,2020-05-16,0,0,0,0,16,364,73,453
SUMATERA SELATAN,2020-05-17,3,63,0,66,19,427,73,519
SUMATERA SELATAN,2020-05-18,2,10,4,16,21,437,77,535
SUMATERA SELATAN,2020-05-19,0,57,0,57,21,494,77,592
SUMATERA SELATAN,2020-05-20,2,47,1,50,23,541,78,642
SUMATERA SELATAN,2020-05-21,1,10,17,28,24,551,95,670
SUMATERA SELATAN,2020-05-22,1,13,5,19,25,564,100,689
SUMATERA SELATAN,2020-05-23,3,27,2,32,28,591,102,721
SUMATERA SELATAN,2020-05-24,0,1,10,11,28,592,112,732
SUMATERA SELATAN,2020-05-25,0,70,2,72,28,662,114,804
SUMATERA SELATAN,2020-05-26,0,58,0,58,28,720,114,862
SUMATERA SELATAN,2020-05-27,1,39,8,48,29,759,122,910
SUMATERA SELATAN,2020-05-28,0,13,14,27,29,772,136,937
SUMATERA SELATAN,2020-05-29,0,12,0,12,29,784,136,949
SUMATERA SELATAN,2020-05-30,4,-60,67,11,33,724,203,960
SUMATERA SELATAN,2020-05-31,0,8,11,19,33,732,214,979
SUMATERA SELATAN,2020-06-01,0,3,9,12,33,735,223,991
SUMATERA SELATAN,2020-06-02,0,24,2,26,33,759,225,1017
SUMATERA SELATAN,2020-06-03,0,-12,22,10,33,747,247,1027
SUMATERA SELATAN,2020-06-04,3,7,17,27,36,754,264,1054
SUMATERA SELATAN,2020-06-05,3,-4,19,18,39,750,283,1072
SUMATERA SELATAN,2020-06-06,1,15,14,30,40,765,297,1102
SUMATERA SELATAN,2020-06-07,0,-22,47,25,40,743,344,1127
KALIMANTAN TENGAH,2020-03-26,0,2,0,2,0,2,0,2
KALIMANTAN TENGAH,2020-03-27,0,0,0,0,0,2,0,2
KALIMANTAN TENGAH,2020-03-28,0,1,0,1,0,3,0,3
KALIMANTAN TENGAH,2020-03-29,0,0,0,0,0,3,0,3
KALIMANTAN TENGAH,2020-03-30,0,0,0,0,0,3,0,3
KALIMANTAN TENGAH,2020-03-31,0,0,2,2,0,3,2,5
KALIMANTAN TENGAH,2020-04-01,0,0,0,0,0,3,2,5
KALIMANTAN TENGAH,2020-04-02,0,0,0,0,0,3,2,5
KALIMANTAN TENGAH,2020-04-03,0,2,0,2,0,5,2,7
KALIMANTAN TENGAH,2020-04-04,0,-2,2,0,0,3,4,7
KALIMANTAN TENGAH,2020-04-05,0,0,0,0,0,3,4,7
KALIMANTAN TENGAH,2020-04-06,0,9,0,9,0,12,4,16
KALIMANTAN TENGAH,2020-04-07,0,-2,2,0,0,10,6,16
KALIMANTAN TENGAH,2020-04-08,1,-1,0,0,1,9,6,16
KALIMANTAN TENGAH,2020-04-09,0,0,0,0,1,9,6,16
KALIMANTAN TENGAH,2020-04-10,0,3,1,4,1,12,7,20
KALIMANTAN TENGAH,2020-04-11,0,0,0,0,1,12,7,20
KALIMANTAN TENGAH,2020-04-12,0,0,0,0,1,12,7,20
KALIMANTAN TENGAH,2020-04-13,0,0,1,1,1,12,8,21
KALIMANTAN TENGAH,2020-04-14,1,-1,0,0,2,11,8,21
KALIMANTAN TENGAH,2020-04-15,0,8,0,8,2,19,8,29
KALIMANTAN TENGAH,2020-04-16,0,1,0,1,2,20,8,30
KALIMANTAN TENGAH,2020-04-17,0,1,0,1,2,21,8,31
KALIMANTAN TENGAH,2020-04-18,1,5,0,6,3,26,8,37
KALIMANTAN TENGAH,2020-04-19,0,5,0,5,3,31,8,42
KALIMANTAN TENGAH,2020-04-20,1,12,1,14,4,43,9,56
KALIMANTAN TENGAH,2020-04-21,1,6,0,7,5,49,9,63
KALIMANTAN TENGAH,2020-04-22,0,15,0,15,5,64,9,78
KALIMANTAN TENGAH,2020-04-23,0,1,0,1,5,65,9,79
KALIMANTAN TENGAH,2020-04-24,0,11,0,11,5,76,9,90
KALIMANTAN TENGAH,2020-04-25,0,6,0,6,5,82,9,96
KALIMANTAN TENGAH,2020-04-26,0,3,1,4,5,85,10,100
KALIMANTAN TENGAH,2020-04-27,0,8,0,8,5,93,10,108
KALIMANTAN TENGAH,2020-04-28,1,6,2,9,6,99,12,117
KALIMANTAN TENGAH,2020-04-29,0,6,0,6,6,105,12,123
KALIMANTAN TENGAH,2020-04-30,0,17,1,18,6,122,13,141
KALIMANTAN TENGAH,2020-05-01,1,8,2,11,7,130,15,152
KALIMANTAN TENGAH,2020-05-02,0,1,0,1,7,131,15,153
KALIMANTAN TENGAH,2020-05-03,0,0,0,0,7,131,15,153
KALIMANTAN TENGAH,2020-05-04,0,22,1,23,7,153,16,176
KALIMANTAN TENGAH,2020-05-05,2,-1,0,1,9,152,16,177
KALIMANTAN TENGAH,2020-05-06,0,-8,13,5,9,144,29,182
KALIMANTAN TENGAH,2020-05-07,1,1,0,2,10,145,29,184
KALIMANTAN TENGAH,2020-05-08,0,-1,1,0,10,144,30,184
KALIMANTAN TENGAH,2020-05-09,0,1,0,1,10,145,30,185
KALIMANTAN TENGAH,2020-05-10,0,4,0,4,10,149,30,189
KALIMANTAN TENGAH,2020-05-11,0,7,0,7,10,156,30,196
KALIMANTAN TENGAH,2020-05-12,0,4,0,4,10,160,30,200
KALIMANTAN TENGAH,2020-05-13,0,16,0,16,10,176,30,216
KALIMANTAN TENGAH,2020-05-14,0,-7,10,3,10,169,40,219
KALIMANTAN TENGAH,2020-05-15,0,-3,7,4,10,166,47,223
KALIMANTAN TENGAH,2020-05-16,0,0,0,0,10,166,47,223
KALIMANTAN TENGAH,2020-05-17,0,0,0,0,10,166,47,223
KALIMANTAN TENGAH,2020-05-18,0,0,0,0,10,166,47,223
KALIMANTAN TENGAH,2020-05-19,0,5,0,5,10,171,47,228
KALIMANTAN TENGAH,2020-05-20,0,-9,18,9,10,162,65,237
KALIMANTAN TENGAH,2020-05-21,0,3,10,13,10,165,75,250
KALIMANTAN TENGAH,2020-05-22,4,16,15,35,14,181,90,285
KALIMANTAN TENGAH,2020-05-23,0,2,0,2,14,183,90,287
KALIMANTAN TENGAH,2020-05-24,0,15,0,15,14,198,90,302
KALIMANTAN TENGAH,2020-05-25,2,-21,21,2,16,177,111,304
KALIMANTAN TENGAH,2020-05-26,0,12,0,12,16,189,111,316
KALIMANTAN TENGAH,2020-05-27,0,8,0,8,16,197,111,324
KALIMANTAN TENGAH,2020-05-28,0,6,0,6,16,203,111,330
KALIMANTAN TENGAH,2020-05-29,0,22,7,29,16,225,118,359
KALIMANTAN TENGAH,2020-05-30,2,23,6,31,18,248,124,390
KALIMANTAN TENGAH,2020-05-31,0,12,0,12,18,260,124,402
KALIMANTAN TENGAH,2020-06-01,0,9,0,9,18,269,124,411
KALIMANTAN TENGAH,2020-06-02,1,-10,18,9,19,259,142,420
KALIMANTAN TENGAH,2020-06-03,4,17,7,28,23,276,149,448
KALIMANTAN TENGAH,2020-06-04,0,13,0,13,23,289,149,461
KALIMANTAN TENGAH,2020-06-05,2,13,0,15,25,302,149,476
KALIMANTAN TENGAH,2020-06-06,0,15,0,15,25,317,149,491
KALIMANTAN TENGAH,2020-06-07,0,-10,11,1,25,307,160,492
KALIMANTAN TIMUR,2020-03-14,0,3,0,3,0,3,0,3
KALIMANTAN TIMUR,2020-03-15,0,2,0,2,0,5,0,5
KALIMANTAN TIMUR,2020-03-16,0,1,0,1,0,6,0,6
KALIMANTAN TIMUR,2020-03-17,0,1,0,1,0,7,0,7
KALIMANTAN TIMUR,2020-03-18,0,0,0,0,0,7,0,7
KALIMANTAN TIMUR,2020-03-19,0,0,0,0,0,7,0,7
KALIMANTAN TIMUR,2020-03-20,0,0,0,0,0,7,0,7
KALIMANTAN TIMUR,2020-03-21,0,0,0,0,0,7,0,7
KALIMANTAN TIMUR,2020-03-22,0,0,0,0,0,7,0,7
KALIMANTAN TIMUR,2020-03-23,0,1,0,1,0,8,0,8
KALIMANTAN TIMUR,2020-03-24,0,0,0,0,0,8,0,8
KALIMANTAN TIMUR,2020-03-25,0,0,0,0,0,8,0,8
KALIMANTAN TIMUR,2020-03-26,0,0,0,0,0,8,0,8
KALIMANTAN TIMUR,2020-03-27,0,0,0,0,0,8,0,8
KALIMANTAN TIMUR,2020-03-28,0,5,0,5,0,13,0,13
KALIMANTAN TIMUR,2020-03-29,0,0,0,0,0,13,0,13
KALIMANTAN TIMUR,2020-03-30,0,0,0,0,0,13,0,13
KALIMANTAN TIMUR,2020-03-31,1,2,0,3,1,15,0,16
KALIMANTAN TIMUR,2020-04-01,0,1,0,1,1,16,0,17
KALIMANTAN TIMUR,2020-04-02,0,0,0,0,1,16,0,17
KALIMANTAN TIMUR,2020-04-03,0,1,0,1,1,17,0,18
KALIMANTAN TIMUR,2020-04-04,0,1,1,2,1,18,1,20
KALIMANTAN TIMUR,2020-04-05,0,1,0,1,1,19,1,21
KALIMANTAN TIMUR,2020-04-06,0,6,0,6,1,25,1,27
KALIMANTAN TIMUR,2020-04-07,0,0,0,0,1,25,1,27
KALIMANTAN TIMUR,2020-04-08,0,1,0,1,1,26,1,28
KALIMANTAN TIMUR,2020-04-09,0,-5,5,0,1,21,6,28
KALIMANTAN TIMUR,2020-04-10,0,4,0,4,1,25,6,32
KALIMANTAN TIMUR,2020-04-11,0,0,0,0,1,25,6,32
KALIMANTAN TIMUR,2020-04-12,0,0,0,0,1,25,6,32
KALIMANTAN TIMUR,2020-04-13,0,0,0,0,1,25,6,32
KALIMANTAN TIMUR,2020-04-14,0,0,0,0,1,25,6,32
KALIMANTAN TIMUR,2020-04-15,0,0,0,0,1,25,6,32
KALIMANTAN TIMUR,2020-04-16,0,4,5,9,1,29,11,41
KALIMANTAN TIMUR,2020-04-17,0,-1,1,0,1,28,12,41
KALIMANTAN TIMUR,2020-04-18,0,10,0,10,1,38,12,51
KALIMANTAN TIMUR,2020-04-19,0,5,0,5,1,43,12,56
KALIMANTAN TIMUR,2020-04-20,0,4,0,4,1,47,12,60
KALIMANTAN TIMUR,2020-04-21,0,5,0,5,1,52,12,65
KALIMANTAN TIMUR,2020-04-22,0,1,0,1,1,53,12,66
KALIMANTAN TIMUR,2020-04-23,0,5,0,5,1,58,12,71
KALIMANTAN TIMUR,2020-04-24,0,9,2,11,1,67,14,82
KALIMANTAN TIMUR,2020-04-25,0,12,0,12,1,79,14,94
KALIMANTAN TIMUR,2020-04-26,0,8,0,8,1,87,14,102
KALIMANTAN TIMUR,2020-04-27,0,1,1,2,1,88,15,104
KALIMANTAN TIMUR,2020-04-28,0,8,0,8,1,96,15,112
KALIMANTAN TIMUR,2020-04-29,0,4,0,4,1,100,15,116
KALIMANTAN TIMUR,2020-04-30,0,15,0,15,1,115,15,131
KALIMANTAN TIMUR,2020-05-01,0,1,1,2,1,116,16,133
KALIMANTAN TIMUR,2020-05-02,0,18,0,18,1,134,16,151
KALIMANTAN TIMUR,2020-05-03,0,8,0,8,1,142,16,159
KALIMANTAN TIMUR,2020-05-04,1,4,0,5,2,146,16,164
KALIMANTAN TIMUR,2020-05-05,0,1,0,1,2,147,16,165
KALIMANTAN TIMUR,2020-05-06,0,14,0,14,2,161,16,179
KALIMANTAN TIMUR,2020-05-07,0,0,0,0,2,161,16,179
KALIMANTAN TIMUR,2020-05-08,0,18,9,27,2,179,25,206
KALIMANTAN TIMUR,2020-05-09,0,-1,6,5,2,178,31,211
KALIMANTAN TIMUR,2020-05-10,0,1,3,4,2,179,34,215
KALIMANTAN TIMUR,2020-05-11,1,2,4,7,3,181,38,222
KALIMANTAN TIMUR,2020-05-12,0,0,3,3,3,181,41,225
KALIMANTAN TIMUR,2020-05-13,0,-3,5,2,3,178,46,227
KALIMANTAN TIMUR,2020-05-14,0,-3,11,8,3,175,57,235
KALIMANTAN TIMUR,2020-05-15,0,9,4,13,3,184,61,248
KALIMANTAN TIMUR,2020-05-16,0,0,2,2,3,184,63,250
KALIMANTAN TIMUR,2020-05-17,0,-1,2,1,3,183,65,251
KALIMANTAN TIMUR,2020-05-18,0,-9,10,1,3,174,75,252
KALIMANTAN TIMUR,2020-05-19,0,-2,5,3,3,172,80,255
KALIMANTAN TIMUR,2020-05-20,0,2,4,6,3,174,84,261
KALIMANTAN TIMUR,2020-05-21,0,-9,11,2,3,165,95,263
KALIMANTAN TIMUR,2020-05-22,0,-1,6,5,3,164,101,268
KALIMANTAN TIMUR,2020-05-23,0,0,3,3,3,164,104,271
KALIMANTAN TIMUR,2020-05-24,0,2,0,2,3,166,104,273
KALIMANTAN TIMUR,2020-05-25,0,-16,16,0,3,150,120,273
KALIMANTAN TIMUR,2020-05-26,0,0,1,1,3,150,121,274
KALIMANTAN TIMUR,2020-05-27,0,-2,5,3,3,148,126,277
KALIMANTAN TIMUR,2020-05-28,0,-5,6,1,3,143,132,278
KALIMANTAN TIMUR,2020-05-29,0,-5,9,4,3,138,141,282
KALIMANTAN TIMUR,2020-05-30,0,-12,18,6,3,126,159,288
KALIMANTAN TIMUR,2020-05-31,0,-7,11,4,3,119,170,292
KALIMANTAN TIMUR,2020-06-01,0,0,2,2,3,119,172,294
KALIMANTAN TIMUR,2020-06-02,0,0,1,1,3,119,173,295
KALIMANTAN TIMUR,2020-06-03,0,10,2,12,3,129,175,307
KALIMANTAN TIMUR,2020-06-04,0,-1,7,6,3,128,182,313
KALIMANTAN TIMUR,2020-06-05,0,1,0,1,3,129,182,314
KALIMANTAN TIMUR,2020-06-06,0,-12,22,10,3,117,204,324
KALIMANTAN TIMUR,2020-06-07,0,-2,4,2,3,115,208,326
SUMATERA UTARA,2020-03-17,1,0,0,1,1,0,0,1
SUMATERA UTARA,2020-03-18,0,0,0,0,1,0,0,1
SUMATERA UTARA,2020-03-19,0,0,0,0,1,0,0,1
SUMATERA UTARA,2020-03-20,0,0,0,0,1,0,0,1
SUMATERA UTARA,2020-03-21,0,0,0,0,1,0,0,1
SUMATERA UTARA,2020-03-22,0,0,0,0,1,0,0,1
SUMATERA UTARA,2020-03-23,0,0,0,0,1,0,0,1
SUMATERA UTARA,2020-03-24,0,0,0,0,1,0,0,1
SUMATERA UTARA,2020-03-25,0,0,0,0,1,0,0,1
SUMATERA UTARA,2020-03-26,0,0,0,0,1,0,0,1
SUMATERA UTARA,2020-03-27,1,-1,0,0,2,-1,0,1
SUMATERA UTARA,2020-03-28,0,0,0,0,2,-1,0,1
SUMATERA UTARA,2020-03-29,0,0,0,0,2,-1,0,1
SUMATERA UTARA,2020-03-30,0,6,0,6,2,5,0,7
SUMATERA UTARA,2020-03-31,2,4,0,6,4,9,0,13
SUMATERA UTARA,2020-04-01,0,2,0,2,4,11,0,15
SUMATERA UTARA,2020-04-02,0,0,0,0,4,11,0,15
SUMATERA UTARA,2020-04-03,0,0,0,0,4,11,0,15
SUMATERA UTARA,2020-04-04,1,2,0,3,5,13,0,18
SUMATERA UTARA,2020-04-05,0,0,0,0,5,13,0,18
SUMATERA UTARA,2020-04-06,0,1,0,1,5,14,0,19
SUMATERA UTARA,2020-04-07,0,0,0,0,5,14,0,19
SUMATERA UTARA,2020-04-08,0,29,0,29,5,43,0,48
SUMATERA UTARA,2020-04-09,0,0,0,0,5,43,0,48
SUMATERA UTARA,2020-04-10,0,-8,8,0,5,35,8,48
SUMATERA UTARA,2020-04-11,3,-3,0,0,8,32,8,48
SUMATERA UTARA,2020-04-12,0,10,0,10,8,42,8,58
SUMATERA UTARA,2020-04-13,1,0,1,2,9,42,9,60
SUMATERA UTARA,2020-04-14,0,4,1,5,9,46,10,65
SUMATERA UTARA,2020-04-15,0,6,0,6,9,52,10,71
SUMATERA UTARA,2020-04-16,0,-2,3,1,9,50,13,72
SUMATERA UTARA,2020-04-17,0,0,0,0,9,50,13,72
SUMATERA UTARA,2020-04-18,0,0,0,0,9,50,13,72
SUMATERA UTARA,2020-04-19,0,2,0,2,9,52,13,74
SUMATERA UTARA,2020-04-20,1,0,1,2,10,52,14,76
SUMATERA UTARA,2020-04-21,0,1,0,1,10,53,14,77
SUMATERA UTARA,2020-04-22,0,2,7,9,10,55,21,86
SUMATERA UTARA,2020-04-23,1,1,0,2,11,56,21,88
SUMATERA UTARA,2020-04-24,0,1,0,1,11,57,21,89
SUMATERA UTARA,2020-04-25,1,8,0,9,12,65,21,98
SUMATERA UTARA,2020-04-26,0,-1,7,6,12,64,28,104
SUMATERA UTARA,2020-04-27,0,-7,7,0,12,57,35,104
SUMATERA UTARA,2020-04-28,1,-1,0,0,13,56,35,104
SUMATERA UTARA,2020-04-29,0,-2,5,3,13,54,40,107
SUMATERA UTARA,2020-04-30,1,1,1,3,14,55,41,110
SUMATERA UTARA,2020-05-01,0,0,0,0,14,55,41,110
SUMATERA UTARA,2020-05-02,0,0,0,0,14,55,41,110
SUMATERA UTARA,2020-05-03,0,6,0,6,14,61,41,116
SUMATERA UTARA,2020-05-04,0,6,0,6,14,67,41,122
SUMATERA UTARA,2020-05-05,0,-1,2,1,14,66,43,123
SUMATERA UTARA,2020-05-06,3,8,0,11,17,74,43,134
SUMATERA UTARA,2020-05-07,0,-4,5,1,17,70,48,135
SUMATERA UTARA,2020-05-08,0,15,0,15,17,85,48,150
SUMATERA UTARA,2020-05-09,5,17,0,22,22,102,48,172
SUMATERA UTARA,2020-05-10,0,0,0,0,22,102,48,172
SUMATERA UTARA,2020-05-11,3,14,0,17,25,116,48,189
SUMATERA UTARA,2020-05-12,0,-3,5,2,25,113,53,191
SUMATERA UTARA,2020-05-13,0,2,0,2,25,115,53,193
SUMATERA UTARA,2020-05-14,0,2,0,2,25,117,53,195
SUMATERA UTARA,2020-05-15,0,0,0,0,25,117,53,195
SUMATERA UTARA,2020-05-16,0,0,0,0,25,117,53,195
SUMATERA UTARA,2020-05-17,2,9,5,16,27,126,58,211
SUMATERA UTARA,2020-05-18,1,6,0,7,28,132,58,218
SUMATERA UTARA,2020-05-19,1,9,0,10,29,141,58,228
SUMATERA UTARA,2020-05-20,2,-3,16,15,31,138,74,243
SUMATERA UTARA,2020-05-21,1,22,0,23,32,160,74,266
SUMATERA UTARA,2020-05-22,1,-17,28,12,33,143,102,278
SUMATERA UTARA,2020-05-23,0,9,0,9,33,152,102,287
SUMATERA UTARA,2020-05-24,1,9,7,17,34,161,109,304
SUMATERA UTARA,2020-05-25,0,-1,5,4,34,160,114,308
SUMATERA UTARA,2020-05-26,0,0,0,0,34,160,114,308
SUMATERA UTARA,2020-05-27,1,14,2,17,35,174,116,325
SUMATERA UTARA,2020-05-28,1,27,2,30,36,201,118,355
SUMATERA UTARA,2020-05-29,0,38,0,38,36,239,118,393
SUMATERA UTARA,2020-05-30,4,-3,5,6,40,236,123,399
SUMATERA UTARA,2020-05-31,0,-20,23,3,40,216,146,402
SUMATERA UTARA,2020-06-01,0,5,3,8,40,221,149,410
SUMATERA UTARA,2020-06-02,0,-1,2,1,40,220,151,411
SUMATERA UTARA,2020-06-03,2,15,9,26,42,235,160,437
SUMATERA UTARA,2020-06-04,1,36,7,44,43,271,167,481
SUMATERA UTARA,2020-06-05,3,41,5,49,46,312,172,530
SUMATERA UTARA,2020-06-06,0,61,7,68,46,373,179,598
DAERAH ISTIMEWA YOGYAKARTA,2020-03-16,0,1,0,1,0,1,0,1
DAERAH ISTIMEWA YOGYAKARTA,2020-03-17,0,0,0,0,0,1,0,1
DAERAH ISTIMEWA YOGYAKARTA,2020-03-18,0,0,0,0,0,1,0,1
DAERAH ISTIMEWA YOGYAKARTA,2020-03-19,0,0,0,0,0,1,0,1
DAERAH ISTIMEWA YOGYAKARTA,2020-03-20,0,-1,1,0,0,0,1,1
DAERAH ISTIMEWA YOGYAKARTA,2020-03-21,0,0,0,0,0,0,1,1
DAERAH ISTIMEWA YOGYAKARTA,2020-03-22,0,0,0,0,0,0,1,1
DAERAH ISTIMEWA YOGYAKARTA,2020-03-23,1,-1,0,0,1,-1,1,1
DAERAH ISTIMEWA YOGYAKARTA,2020-03-24,0,0,0,0,1,-1,1,1
DAERAH ISTIMEWA YOGYAKARTA,2020-03-25,1,-1,0,0,2,-2,1,1
DAERAH ISTIMEWA YOGYAKARTA,2020-03-26,0,0,0,0,2,-2,1,1
DAERAH ISTIMEWA YOGYAKARTA,2020-03-27,0,1,0,1,2,-1,1,2
DAERAH ISTIMEWA YOGYAKARTA,2020-03-28,0,0,0,0,2,-1,1,2
DAERAH ISTIMEWA YOGYAKARTA,2020-03-29,0,0,0,0,2,-1,1,2
DAERAH ISTIMEWA YOGYAKARTA,2020-03-30,0,0,1,1,2,-1,2,3
DAERAH ISTIMEWA YOGYAKARTA,2020-03-31,0,5,0,5,2,4,2,8
DAERAH ISTIMEWA YOGYAKARTA,2020-04-01,0,4,1,5,2,8,3,13
DAERAH ISTIMEWA YOGYAKARTA,2020-04-02,1,-1,0,0,3,7,3,13
DAERAH ISTIMEWA YOGYAKARTA,2020-04-03,0,0,0,0,3,7,3,13
DAERAH ISTIMEWA YOGYAKARTA,2020-04-04,0,5,0,5,3,12,3,18
DAERAH ISTIMEWA YOGYAKARTA,2020-04-05,0,1,0,1,3,13,3,19
DAERAH ISTIMEWA YOGYAKARTA,2020-04-06,0,2,1,3,3,15,4,22
DAERAH ISTIMEWA YOGYAKARTA,2020-04-07,0,1,0,1,3,16,4,23
DAERAH ISTIMEWA YOGYAKARTA,2020-04-08,3,-6,3,0,6,10,7,23
DAERAH ISTIMEWA YOGYAKARTA,2020-04-09,0,-1,3,2,6,9,10,25
DAERAH ISTIMEWA YOGYAKARTA,2020-04-10,0,-3,3,0,6,6,13,25
DAERAH ISTIMEWA YOGYAKARTA,2020-04-11,0,0,0,0,6,6,13,25
DAERAH ISTIMEWA YOGYAKARTA,2020-04-12,0,-5,5,0,6,1,18,25
DAERAH ISTIMEWA YOGYAKARTA,2020-04-13,0,16,0,16,6,17,18,41
DAERAH ISTIMEWA YOGYAKARTA,2020-04-14,0,1,4,5,6,18,22,46
DAERAH ISTIMEWA YOGYAKARTA,2020-04-15,0,1,0,1,6,19,22,47
DAERAH ISTIMEWA YOGYAKARTA,2020-04-16,0,1,0,1,6,20,22,48
DAERAH ISTIMEWA YOGYAKARTA,2020-04-17,1,-3,3,1,7,17,25,49
DAERAH ISTIMEWA YOGYAKARTA,2020-04-18,0,1,2,3,7,18,27,52
DAERAH ISTIMEWA YOGYAKARTA,2020-04-19,0,-1,1,0,7,17,28,52
DAERAH ISTIMEWA YOGYAKARTA,2020-04-20,0,2,0,2,7,19,28,54
DAERAH ISTIMEWA YOGYAKARTA,2020-04-21,0,0,3,3,7,19,31,57
DAERAH ISTIMEWA YOGYAKARTA,2020-04-22,0,-2,5,3,7,17,36,60
DAERAH ISTIMEWA YOGYAKARTA,2020-04-23,0,0,1,1,7,17,37,61
DAERAH ISTIMEWA YOGYAKARTA,2020-04-24,0,1,0,1,7,18,37,62
DAERAH ISTIMEWA YOGYAKARTA,2020-04-25,0,2,0,2,7,20,37,64
DAERAH ISTIMEWA YOGYAKARTA,2020-04-26,0,3,0,3,7,23,37,67
DAERAH ISTIMEWA YOGYAKARTA,2020-04-27,0,-1,2,1,7,22,39,68
DAERAH ISTIMEWA YOGYAKARTA,2020-04-28,0,9,1,10,7,31,40,78
DAERAH ISTIMEWA YOGYAKARTA,2020-04-29,0,-2,3,1,7,29,43,79
DAERAH ISTIMEWA YOGYAKARTA,2020-04-30,0,1,0,1,7,30,43,80
DAERAH ISTIMEWA YOGYAKARTA,2020-05-01,0,4,5,9,7,34,48,89
DAERAH ISTIMEWA YOGYAKARTA,2020-05-02,0,10,0,10,7,44,48,99
DAERAH ISTIMEWA YOGYAKARTA,2020-05-03,0,1,0,1,7,45,48,100
DAERAH ISTIMEWA YOGYAKARTA,2020-05-04,0,-4,4,0,7,41,52,100
DAERAH ISTIMEWA YOGYAKARTA,2020-05-05,0,5,1,6,7,46,53,106
DAERAH ISTIMEWA YOGYAKARTA,2020-05-06,0,-4,5,1,7,42,58,107
DAERAH ISTIMEWA YOGYAKARTA,2020-05-07,0,14,1,15,7,56,59,122
DAERAH ISTIMEWA YOGYAKARTA,2020-05-08,0,6,0,6,7,62,59,128
DAERAH ISTIMEWA YOGYAKARTA,2020-05-09,0,1,2,3,7,63,61,131
DAERAH ISTIMEWA YOGYAKARTA,2020-05-10,0,7,0,7,7,70,61,138
DAERAH ISTIMEWA YOGYAKARTA,2020-05-11,1,-1,6,6,8,69,67,144
DAERAH ISTIMEWA YOGYAKARTA,2020-05-12,0,10,0,10,8,79,67,154
DAERAH ISTIMEWA YOGYAKARTA,2020-05-13,0,11,1,12,8,90,68,166
DAERAH ISTIMEWA YOGYAKARTA,2020-05-14,0,-3,7,4,8,87,75,170
DAERAH ISTIMEWA YOGYAKARTA,2020-05-15,0,-9,12,3,8,78,87,173
DAERAH ISTIMEWA YOGYAKARTA,2020-05-16,0,5,1,6,8,83,88,179
DAERAH ISTIMEWA YOGYAKARTA,2020-05-17,0,2,3,5,8,85,91,184
DAERAH ISTIMEWA YOGYAKARTA,2020-05-18,0,-2,3,1,8,83,94,185
DAERAH ISTIMEWA YOGYAKARTA,2020-05-19,0,-5,12,7,8,78,106,192
DAERAH ISTIMEWA YOGYAKARTA,2020-05-20,0,-6,8,2,8,72,114,194
DAERAH ISTIMEWA YOGYAKARTA,2020-05-21,0,-1,7,6,8,71,121,200
DAERAH ISTIMEWA YOGYAKARTA,2020-05-22,0,3,2,5,8,74,123,205
DAERAH ISTIMEWA YOGYAKARTA,2020-05-23,0,-1,6,5,8,73,129,210
DAERAH ISTIMEWA YOGYAKARTA,2020-05-24,0,-3,4,1,8,70,133,211
DAERAH ISTIMEWA YOGYAKARTA,2020-05-25,0,-1,1,0,8,69,134,211
DAERAH ISTIMEWA YOGYAKARTA,2020-05-26,0,-4,4,0,8,65,138,211
DAERAH ISTIMEWA YOGYAKARTA,2020-05-27,0,-7,9,2,8,58,147,213
DAERAH ISTIMEWA YOGYAKARTA,2020-05-28,0,-8,8,0,8,50,155,213
DAERAH ISTIMEWA YOGYAKARTA,2020-05-29,0,-4,6,2,8,46,161,215
DAERAH ISTIMEWA YOGYAKARTA,2020-05-30,0,2,1,3,8,48,162,218
DAERAH ISTIMEWA YOGYAKARTA,2020-05-31,0,-4,7,3,8,44,169,221
DAERAH ISTIMEWA YOGYAKARTA,2020-06-01,0,1,0,1,8,45,169,222
DAERAH ISTIMEWA YOGYAKARTA,2020-06-02,0,-1,1,0,8,44,170,222
DAERAH ISTIMEWA YOGYAKARTA,2020-06-03,0,-1,1,0,8,43,171,222
DAERAH ISTIMEWA YOGYAKARTA,2020-06-04,0,-3,3,0,8,40,174,222
DAERAH ISTIMEWA YOGYAKARTA,2020-06-05,0,-3,4,1,8,37,178,223
DAERAH ISTIMEWA YOGYAKARTA,2020-06-06,0,0,4,4,8,37,182,227
DAERAH ISTIMEWA YOGYAKARTA,2020-06-07,0,2,0,2,8,39,182,229
KALIMANTAN UTARA,2020-03-28,0,2,0,2,0,2,0,2
KALIMANTAN UTARA,2020-03-29,0,0,0,0,0,2,0,2
KALIMANTAN UTARA,2020-03-30,0,0,0,0,0,2,0,2
KALIMANTAN UTARA,2020-03-31,0,0,0,0,0,2,0,2
KALIMANTAN UTARA,2020-04-01,0,0,0,0,0,2,0,2
KALIMANTAN UTARA,2020-04-02,0,0,0,0,0,2,0,2
KALIMANTAN UTARA,2020-04-03,0,6,0,6,0,8,0,8
KALIMANTAN UTARA,2020-04-04,0,0,0,0,0,8,0,8
KALIMANTAN UTARA,2020-04-05,0,0,0,0,0,8,0,8
KALIMANTAN UTARA,2020-04-06,0,7,0,7,0,15,0,15
KALIMANTAN UTARA,2020-04-07,0,0,0,0,0,15,0,15
KALIMANTAN UTARA,2020-04-08,0,1,0,1,0,16,0,16
KALIMANTAN UTARA,2020-04-09,0,0,0,0,0,16,0,16
KALIMANTAN UTARA,2020-04-10,0,0,0,0,0,16,0,16
KALIMANTAN UTARA,2020-04-11,1,-1,0,0,1,15,0,16
KALIMANTAN UTARA,2020-04-12,0,0,0,0,1,15,0,16
KALIMANTAN UTARA,2020-04-13,0,0,0,0,1,15,0,16
KALIMANTAN UTARA,2020-04-14,0,0,0,0,1,15,0,16
KALIMANTAN UTARA,2020-04-15,0,3,1,4,1,18,1,20
KALIMANTAN UTARA,2020-04-16,0,7,1,8,1,25,2,28
KALIMANTAN UTARA,2020-04-17,0,19,0,19,1,44,2,47
KALIMANTAN UTARA,2020-04-18,0,3,0,3,1,47,2,50
KALIMANTAN UTARA,2020-04-19,0,19,0,19,1,66,2,69
KALIMANTAN UTARA,2020-04-20,0,4,0,4,1,70,2,73
KALIMANTAN UTARA,2020-04-21,0,4,0,4,1,74,2,77
KALIMANTAN UTARA,2020-04-22,0,0,0,0,1,74,2,77
KALIMANTAN UTARA,2020-04-23,0,0,0,0,1,74,2,77
KALIMANTAN UTARA,2020-04-24,0,0,0,0,1,74,2,77
KALIMANTAN UTARA,2020-04-25,0,6,0,6,1,80,2,83
KALIMANTAN UTARA,2020-04-26,0,6,0,6,1,86,2,89
KALIMANTAN UTARA,2020-04-27,0,1,0,1,1,87,2,90
KALIMANTAN UTARA,2020-04-28,0,2,0,2,1,89,2,92
KALIMANTAN UTARA,2020-04-29,0,-2,2,0,1,87,4,92
KALIMANTAN UTARA,2020-04-30,0,8,0,8,1,95,4,100
KALIMANTAN UTARA,2020-05-01,0,14,1,15,1,109,5,115
KALIMANTAN UTARA,2020-05-02,0,7,0,7,1,116,5,122
KALIMANTAN UTARA,2020-05-03,0,0,0,0,1,116,5,122
KALIMANTAN UTARA,2020-05-04,0,8,0,8,1,124,5,130
KALIMANTAN UTARA,2020-05-05,0,0,1,1,1,124,6,131
KALIMANTAN UTARA,2020-05-06,0,0,0,0,1,124,6,131
KALIMANTAN UTARA,2020-05-07,0,0,0,0,1,124,6,131
KALIMANTAN UTARA,2020-05-08,0,0,0,0,1,124,6,131
KALIMANTAN UTARA,2020-05-09,0,0,0,0,1,124,6,131
KALIMANTAN UTARA,2020-05-10,0,-1,1,0,1,123,7,131
KALIMANTAN UTARA,2020-05-11,0,1,0,1,1,124,7,132
KALIMANTAN UTARA,2020-05-12,0,-5,5,0,1,119,12,132
KALIMANTAN UTARA,2020-05-13,0,0,6,6,1,119,18,138
KALIMANTAN UTARA,2020-05-14,0,-2,2,0,1,117,20,138
KALIMANTAN UTARA,2020-05-15,0,-6,9,3,1,111,29,141
KALIMANTAN UTARA,2020-05-16,0,0,12,12,1,111,41,153
KALIMANTAN UTARA,2020-05-17,0,2,0,2,1,113,41,155
KALIMANTAN UTARA,2020-05-18,0,-5,5,0,1,108,46,155
KALIMANTAN UTARA,2020-05-19,0,0,5,5,1,108,51,160
KALIMANTAN UTARA,2020-05-20,0,0,0,0,1,108,51,160
KALIMANTAN UTARA,2020-05-21,0,-1,3,2,1,107,54,162
KALIMANTAN UTARA,2020-05-22,0,-2,3,1,1,105,57,163
KALIMANTAN UTARA,2020-05-23,0,0,0,0,1,105,57,163
KALIMANTAN UTARA,2020-05-24,0,-1,2,1,1,104,59,164
KALIMANTAN UTARA,2020-05-25,0,-7,7,0,1,97,66,164
KALIMANTAN UTARA,2020-05-26,1,-4,3,0,2,93,69,164
KALIMANTAN UTARA,2020-05-27,0,1,0,1,2,94,69,165
KALIMANTAN UTARA,2020-05-28,0,-1,1,0,2,93,70,165
KALIMANTAN UTARA,2020-05-29,0,-2,2,0,2,91,72,165
KALIMANTAN UTARA,2020-05-30,0,0,0,0,2,91,72,165
KALIMANTAN UTARA,2020-05-31,0,0,0,0,2,91,72,165
KALIMANTAN UTARA,2020-06-01,0,-8,8,0,2,83,80,165
KALIMANTAN UTARA,2020-06-02,0,-2,2,0,2,81,82,165
KALIMANTAN UTARA,2020-06-03,0,-7,7,0,2,74,89,165
KALIMANTAN UTARA,2020-06-04,0,0,0,0,2,74,89,165
KALIMANTAN UTARA,2020-06-05,0,-3,5,2,2,71,94,167
KALIMANTAN UTARA,2020-06-06,0,-13,14,1,2,58,108,168
KALIMANTAN UTARA,2020-06-07,0,0,1,1,2,58,109,169
KEPULAUAN RIAU,2020-03-30,2,-1,0,1,2,-1,0,1
KEPULAUAN RIAU,2020-03-31,0,1,0,1,2,0,0,2
KEPULAUAN RIAU,2020-04-01,0,0,0,0,2,0,0,2
KEPULAUAN RIAU,2020-04-02,1,-3,2,0,3,-3,2,2
KEPULAUAN RIAU,2020-04-03,0,2,0,2,3,-1,2,4
KEPULAUAN RIAU,2020-04-04,0,0,0,0,3,-1,2,4
KEPULAUAN RIAU,2020-04-05,0,1,0,1,3,0,2,5
KEPULAUAN RIAU,2020-04-06,0,0,0,0,3,0,2,5
KEPULAUAN RIAU,2020-04-07,0,0,0,0,3,0,2,5
KEPULAUAN RIAU,2020-04-08,0,0,0,0,3,0,2,5
KEPULAUAN RIAU,2020-04-09,0,11,0,11,3,11,2,16
KEPULAUAN RIAU,2020-04-10,0,0,0,0,3,11,2,16
KEPULAUAN RIAU,2020-04-11,1,-1,0,0,4,10,2,16
KEPULAUAN RIAU,2020-04-12,1,-1,0,0,5,9,2,16
KEPULAUAN RIAU,2020-04-13,0,0,0,0,5,9,2,16
KEPULAUAN RIAU,2020-04-14,1,5,0,6,6,14,2,22
KEPULAUAN RIAU,2020-04-15,0,2,3,5,6,16,5,27
KEPULAUAN RIAU,2020-04-16,0,7,0,7,6,23,5,34
KEPULAUAN RIAU,2020-04-17,0,18,1,19,6,41,6,53
KEPULAUAN RIAU,2020-04-18,0,21,0,21,6,62,6,74
KEPULAUAN RIAU,2020-04-19,0,0,0,0,6,62,6,74
KEPULAUAN RIAU,2020-04-20,1,-3,2,0,7,59,8,74
KEPULAUAN RIAU,2020-04-21,0,1,1,2,7,60,9,76
KEPULAUAN RIAU,2020-04-22,0,0,0,0,7,60,9,76
KEPULAUAN RIAU,2020-04-23,0,2,0,2,7,62,9,78
KEPULAUAN RIAU,2020-04-24,0,0,0,0,7,62,9,78
KEPULAUAN RIAU,2020-04-25,0,-2,2,0,7,60,11,78
KEPULAUAN RIAU,2020-04-26,0,2,0,2,7,62,11,80
KEPULAUAN RIAU,2020-04-27,0,1,0,1,7,63,11,81
KEPULAUAN RIAU,2020-04-28,1,1,1,3,8,64,12,84
KEPULAUAN RIAU,2020-04-29,0,-4,4,0,8,60,16,84
KEPULAUAN RIAU,2020-04-30,0,0,0,0,8,60,16,84
KEPULAUAN RIAU,2020-05-01,0,-24,24,0,8,36,40,84
KEPULAUAN RIAU,2020-05-02,0,-9,9,0,8,27,49,84
KEPULAUAN RIAU,2020-05-03,1,1,1,3,9,28,50,87
KEPULAUAN RIAU,2020-05-04,0,-3,3,0,9,25,53,87
KEPULAUAN RIAU,2020-05-05,0,2,3,5,9,27,56,92
KEPULAUAN RIAU,2020-05-06,0,-5,6,1,9,22,62,93
KEPULAUAN RIAU,2020-05-07,0,-1,1,0,9,21,63,93
KEPULAUAN RIAU,2020-05-08,0,-4,6,2,9,17,69,95
KEPULAUAN RIAU,2020-05-09,1,-1,1,1,10,16,70,96
KEPULAUAN RIAU,2020-05-10,0,-1,1,0,10,15,71,96
KEPULAUAN RIAU,2020-05-11,0,-3,6,3,10,12,77,99
KEPULAUAN RIAU,2020-05-12,0,0,2,2,10,12,79,101
KEPULAUAN RIAU,2020-05-13,0,5,0,5,10,17,79,106
KEPULAUAN RIAU,2020-05-14,0,0,0,0,10,17,79,106
KEPULAUAN RIAU,2020-05-15,0,1,3,4,10,18,82,110
KEPULAUAN RIAU,2020-05-16,0,1,0,1,10,19,82,111
KEPULAUAN RIAU,2020-05-17,1,-1,0,0,11,18,82,111
KEPULAUAN RIAU,2020-05-18,0,11,0,11,11,29,82,122
KEPULAUAN RIAU,2020-05-19,0,13,0,13,11,42,82,135
KEPULAUAN RIAU,2020-05-20,0,0,0,0,11,42,82,135
KEPULAUAN RIAU,2020-05-21,0,0,0,0,11,42,82,135
KEPULAUAN RIAU,2020-05-22,0,-3,4,1,11,39,86,136
KEPULAUAN RIAU,2020-05-23,1,7,1,9,12,46,87,145
KEPULAUAN RIAU,2020-05-24,0,4,0,4,12,50,87,149
KEPULAUAN RIAU,2020-05-25,0,0,0,0,12,50,87,149
KEPULAUAN RIAU,2020-05-26,1,-2,1,0,13,48,88,149
KEPULAUAN RIAU,2020-05-27,0,6,2,8,13,54,90,157
KEPULAUAN RIAU,2020-05-28,1,6,6,13,14,60,96,170
KEPULAUAN RIAU,2020-05-29,0,-2,5,3,14,58,101,173
KEPULAUAN RIAU,2020-05-30,0,18,0,18,14,76,101,191
KEPULAUAN RIAU,2020-05-31,0,0,0,0,14,76,101,191
KEPULAUAN RIAU,2020-06-01,0,0,0,0,14,76,101,191
KEPULAUAN RIAU,2020-06-02,0,12,0,12,14,88,101,203
KEPULAUAN RIAU,2020-06-03,0,-1,1,0,14,87,102,203
KEPULAUAN RIAU,2020-06-04,0,10,1,11,14,97,103,214
KEPULAUAN RIAU,2020-06-05,0,-7,11,4,14,90,114,218
KEPULAUAN RIAU,2020-06-06,0,-1,5,4,14,89,119,222
KEPULAUAN RIAU,2020-06-07,0,1,0,1,14,90,119,223
KALIMANTAN BARAT,2020-03-29,0,3,2,5,0,3,2,5
KALIMANTAN BARAT,2020-03-30,0,1,0,1,0,4,2,6
KALIMANTAN BARAT,2020-03-31,0,0,0,0,0,4,2,6
KALIMANTAN BARAT,2020-04-01,0,1,0,1,0,5,2,7
KALIMANTAN BARAT,2020-04-02,1,-1,0,0,1,4,2,7
KALIMANTAN BARAT,2020-04-03,0,0,0,0,1,4,2,7
KALIMANTAN BARAT,2020-04-04,0,0,0,0,1,4,2,7
KALIMANTAN BARAT,2020-04-05,0,0,0,0,1,4,2,7
KALIMANTAN BARAT,2020-04-06,0,0,0,0,1,4,2,7
KALIMANTAN BARAT,2020-04-07,0,-1,1,0,1,3,3,7
KALIMANTAN BARAT,2020-04-08,0,0,0,0,1,3,3,7
KALIMANTAN BARAT,2020-04-09,0,0,0,0,1,3,3,7
KALIMANTAN BARAT,2020-04-10,0,0,0,0,1,3,3,7
KALIMANTAN BARAT,2020-04-11,0,0,0,0,1,3,3,7
KALIMANTAN BARAT,2020-04-12,0,3,0,3,1,6,3,10
KALIMANTAN BARAT,2020-04-13,0,0,0,0,1,6,3,10
KALIMANTAN BARAT,2020-04-14,0,-2,2,0,1,4,5,10
KALIMANTAN BARAT,2020-04-15,0,0,0,0,1,4,5,10
KALIMANTAN BARAT,2020-04-16,0,8,0,8,1,12,5,18
KALIMANTAN BARAT,2020-04-17,0,0,0,0,1,12,5,18
KALIMANTAN BARAT,2020-04-18,0,0,0,0,1,12,5,18
KALIMANTAN BARAT,2020-04-19,0,0,0,0,1,12,5,18
KALIMANTAN BARAT,2020-04-20,0,0,0,0,1,12,5,18
KALIMANTAN BARAT,2020-04-21,0,5,1,6,1,17,6,24
KALIMANTAN BARAT,2020-04-22,0,3,1,4,1,20,7,28
KALIMANTAN BARAT,2020-04-23,0,19,0,19,1,39,7,47
KALIMANTAN BARAT,2020-04-24,0,0,0,0,1,39,7,47
KALIMANTAN BARAT,2020-04-25,0,1,0,1,1,40,7,48
KALIMANTAN BARAT,2020-04-26,0,0,0,0,1,40,7,48
KALIMANTAN BARAT,2020-04-27,0,0,0,0,1,40,7,48
KALIMANTAN BARAT,2020-04-28,0,0,0,0,1,40,7,48
KALIMANTAN BARAT,2020-04-29,0,7,0,7,1,47,7,55
KALIMANTAN BARAT,2020-04-30,0,0,0,0,1,47,7,55
KALIMANTAN BARAT,2020-05-01,0,3,0,3,1,50,7,58
KALIMANTAN BARAT,2020-05-02,0,7,0,7,1,57,7,65
KALIMANTAN BARAT,2020-05-03,0,2,0,2,1,59,7,67
KALIMANTAN BARAT,2020-05-04,0,3,0,3,1,62,7,70
KALIMANTAN BARAT,2020-05-05,0,0,0,0,1,62,7,70
KALIMANTAN BARAT,2020-05-06,0,14,3,17,1,76,10,87
KALIMANTAN BARAT,2020-05-07,0,5,0,5,1,81,10,92
KALIMANTAN BARAT,2020-05-08,0,0,0,0,1,81,10,92
KALIMANTAN BARAT,2020-05-09,0,23,0,23,1,104,10,115
KALIMANTAN BARAT,2020-05-10,0,2,0,2,1,106,10,117
KALIMANTAN BARAT,2020-05-11,0,0,0,0,1,106,10,117
KALIMANTAN BARAT,2020-05-12,0,-6,9,3,1,100,19,120
KALIMANTAN BARAT,2020-05-13,1,3,2,6,2,103,21,126
KALIMANTAN BARAT,2020-05-14,0,0,0,0,2,103,21,126
KALIMANTAN BARAT,2020-05-15,0,0,0,0,2,103,21,126
KALIMANTAN BARAT,2020-05-16,0,2,0,2,2,105,21,128
KALIMANTAN BARAT,2020-05-17,0,-1,2,1,2,104,23,129
KALIMANTAN BARAT,2020-05-18,0,-8,8,0,2,96,31,129
KALIMANTAN BARAT,2020-05-19,0,0,0,0,2,96,31,129
KALIMANTAN BARAT,2020-05-20,0,0,0,0,2,96,31,129
KALIMANTAN BARAT,2020-05-21,0,-4,5,1,2,92,36,130
KALIMANTAN BARAT,2020-05-22,0,6,1,7,2,98,37,137
KALIMANTAN BARAT,2020-05-23,0,28,0,28,2,126,37,165
KALIMANTAN BARAT,2020-05-24,0,0,0,0,2,126,37,165
KALIMANTAN BARAT,2020-05-25,0,2,5,7,2,128,42,172
KALIMANTAN BARAT,2020-05-26,0,0,1,1,2,128,43,173
KALIMANTAN BARAT,2020-05-27,0,7,0,7,2,135,43,180
KALIMANTAN BARAT,2020-05-28,0,1,0,1,2,136,43,181
KALIMANTAN BARAT,2020-05-29,0,-3,3,0,2,133,46,181
KALIMANTAN BARAT,2020-05-30,0,0,0,0,2,133,46,181
KALIMANTAN BARAT,2020-05-31,0,0,5,5,2,133,51,186
KALIMANTAN BARAT,2020-06-01,0,4,3,7,2,137,54,193
KALIMANTAN BARAT,2020-06-02,0,0,0,0,2,137,54,193
KALIMANTAN BARAT,2020-06-03,0,-18,24,6,2,119,78,199
KALIMANTAN BARAT,2020-06-04,0,-15,15,0,2,104,93,199
KALIMANTAN BARAT,2020-06-05,0,-12,15,3,2,92,108,202
KALIMANTAN BARAT,2020-06-06,0,0,5,5,2,92,113,207
SULAWESI TENGGARA,2020-04-03,0,2,0,2,0,2,0,2
SULAWESI TENGGARA,2020-04-04,0,-1,1,0,0,1,1,2
SULAWESI TENGGARA,2020-04-05,0,0,0,0,0,1,1,2
SULAWESI TENGGARA,2020-04-06,0,1,0,1,0,2,1,3
SULAWESI TENGGARA,2020-04-07,0,0,0,0,0,2,1,3
SULAWESI TENGGARA,2020-04-08,0,4,0,4,0,6,1,7
SULAWESI TENGGARA,2020-04-09,0,5,0,5,0,11,1,12
SULAWESI TENGGARA,2020-04-10,0,0,0,0,0,11,1,12
SULAWESI TENGGARA,2020-04-11,1,0,0,1,1,11,1,13
SULAWESI TENGGARA,2020-04-12,0,0,0,0,1,11,1,13
SULAWESI TENGGARA,2020-04-13,0,0,0,0,1,11,1,13
SULAWESI TENGGARA,2020-04-14,0,0,0,0,1,11,1,13
SULAWESI TENGGARA,2020-04-15,0,5,3,8,1,16,4,21
SULAWESI TENGGARA,2020-04-16,0,3,0,3,1,19,4,24
SULAWESI TENGGARA,2020-04-17,0,0,0,0,1,19,4,24
SULAWESI TENGGARA,2020-04-18,1,-1,0,0,2,18,4,24
SULAWESI TENGGARA,2020-04-19,0,9,0,9,2,27,4,33
SULAWESI TENGGARA,2020-04-20,0,0,0,0,2,27,4,33
SULAWESI TENGGARA,2020-04-21,0,0,0,0,2,27,4,33
SULAWESI TENGGARA,2020-04-22,0,0,0,0,2,27,4,33
SULAWESI TENGGARA,2020-04-23,0,0,0,0,2,27,4,33
SULAWESI TENGGARA,2020-04-24,0,4,1,5,2,31,5,38
SULAWESI TENGGARA,2020-04-25,0,0,0,0,2,31,5,38
SULAWESI TENGGARA,2020-04-26,0,3,1,4,2,34,6,42
SULAWESI TENGGARA,2020-04-27,0,0,0,0,2,34,6,42
SULAWESI TENGGARA,2020-04-28,0,0,0,0,2,34,6,42
SULAWESI TENGGARA,2020-04-29,0,8,0,8,2,42,6,50
SULAWESI TENGGARA,2020-04-30,0,5,4,9,2,47,10,59
SULAWESI TENGGARA,2020-05-01,0,-1,1,0,2,46,11,59
SULAWESI TENGGARA,2020-05-02,0,2,0,2,2,48,11,61
SULAWESI TENGGARA,2020-05-03,1,-1,0,0,3,47,11,61
SULAWESI TENGGARA,2020-05-04,0,0,0,0,3,47,11,61
SULAWESI TENGGARA,2020-05-05,0,1,4,5,3,48,15,66
SULAWESI TENGGARA,2020-05-06,0,0,0,0,3,48,15,66
SULAWESI TENGGARA,2020-05-07,0,0,0,0,3,48,15,66
SULAWESI TENGGARA,2020-05-08,0,1,0,1,3,49,15,67
SULAWESI TENGGARA,2020-05-09,0,1,0,1,3,50,15,68
SULAWESI TENGGARA,2020-05-10,0,4,1,5,3,54,16,73
SULAWESI TENGGARA,2020-05-11,0,0,0,0,3,54,16,73
SULAWESI TENGGARA,2020-05-12,0,0,0,0,3,54,16,73
SULAWESI TENGGARA,2020-05-13,1,88,1,90,4,142,17,163
SULAWESI TENGGARA,2020-05-14,0,0,0,0,4,142,17,163
SULAWESI TENGGARA,2020-05-15,0,15,2,17,4,157,19,180
SULAWESI TENGGARA,2020-05-16,0,6,0,6,4,163,19,186
SULAWESI TENGGARA,2020-05-17,0,2,0,2,4,165,19,188
SULAWESI TENGGARA,2020-05-18,0,-1,1,0,4,164,20,188
SULAWESI TENGGARA,2020-05-19,0,6,5,11,4,170,25,199
SULAWESI TENGGARA,2020-05-20,0,0,0,0,4,170,25,199
SULAWESI TENGGARA,2020-05-21,0,0,0,0,4,170,25,199
SULAWESI TENGGARA,2020-05-22,0,4,5,9,4,174,30,208
SULAWESI TENGGARA,2020-05-23,0,-17,21,4,4,157,51,212
SULAWESI TENGGARA,2020-05-24,0,0,0,0,4,157,51,212
SULAWESI TENGGARA,2020-05-25,0,0,0,0,4,157,51,212
SULAWESI TENGGARA,2020-05-26,0,-49,49,0,4,108,100,212
SULAWESI TENGGARA,2020-05-27,0,3,8,11,4,111,108,223
SULAWESI TENGGARA,2020-05-28,0,13,1,14,4,124,109,237
SULAWESI TENGGARA,2020-05-29,0,-2,3,1,4,122,112,238
SULAWESI TENGGARA,2020-05-30,0,0,0,0,4,122,112,238
SULAWESI TENGGARA,2020-05-31,0,-6,9,3,4,116,121,241
SULAWESI TENGGARA,2020-06-01,0,0,0,0,4,116,121,241
SULAWESI TENGGARA,2020-06-02,0,-3,3,0,4,113,124,241
SULAWESI TENGGARA,2020-06-03,0,0,7,7,4,113,131,248
SULAWESI TENGGARA,2020-06-04,1,0,0,1,5,113,131,249
SULAWESI TENGGARA,2020-06-05,0,-5,10,5,5,108,141,254
SULAWESI TENGGARA,2020-06-06,0,-3,3,0,5,105,144,254
SULAWESI TENGGARA,2020-06-07,0,-8,10,2,5,97,154,256
LAMPUNG,2020-03-26,0,2,0,2,0,2,0,2
LAMPUNG,2020-03-27,0,1,0,1,0,3,0,3
LAMPUNG,2020-03-28,0,0,0,0,0,3,0,3
LAMPUNG,2020-03-29,0,0,0,0,0,3,0,3
LAMPUNG,2020-03-30,1,3,0,4,1,6,0,7
LAMPUNG,2020-03-31,1,-1,0,0,2,5,0,7
LAMPUNG,2020-04-01,0,0,0,0,2,5,0,7
LAMPUNG,2020-04-02,0,0,0,0,2,5,0,7
LAMPUNG,2020-04-03,1,2,0,3,3,7,0,10
LAMPUNG,2020-04-04,0,0,0,0,3,7,0,10
LAMPUNG,2020-04-05,0,0,0,0,3,7,0,10
LAMPUNG,2020-04-06,0,1,0,1,3,8,0,11
LAMPUNG,2020-04-07,0,0,0,0,3,8,0,11
LAMPUNG,2020-04-08,2,1,0,3,5,9,0,14
LAMPUNG,2020-04-09,0,-2,2,0,5,7,2,14
LAMPUNG,2020-04-10,0,5,0,5,5,12,2,19
LAMPUNG,2020-04-11,0,-2,2,0,5,10,4,19
LAMPUNG,2020-04-12,0,0,0,0,5,10,4,19
LAMPUNG,2020-04-13,0,1,0,1,5,11,4,20
LAMPUNG,2020-04-14,0,0,0,0,5,11,4,20
LAMPUNG,2020-04-15,0,0,0,0,5,11,4,20
LAMPUNG,2020-04-16,0,5,0,5,5,16,4,25
LAMPUNG,2020-04-17,0,0,0,0,5,16,4,25
LAMPUNG,2020-04-18,0,0,0,0,5,16,4,25
LAMPUNG,2020-04-19,0,0,0,0,5,16,4,25
LAMPUNG,2020-04-20,0,0,0,0,5,16,4,25
LAMPUNG,2020-04-21,0,0,1,1,5,16,5,26
LAMPUNG,2020-04-22,0,-1,1,0,5,15,6,26
LAMPUNG,2020-04-23,0,11,0,11,5,26,6,37
LAMPUNG,2020-04-24,0,0,0,0,5,26,6,37
LAMPUNG,2020-04-25,0,-1,1,0,5,25,7,37
LAMPUNG,2020-04-26,0,4,0,4,5,29,7,41
LAMPUNG,2020-04-27,0,-1,1,0,5,28,8,41
LAMPUNG,2020-04-28,0,0,2,2,5,28,10,43
LAMPUNG,2020-04-29,0,-1,3,2,5,27,13,45
LAMPUNG,2020-04-30,0,0,0,0,5,27,13,45
LAMPUNG,2020-05-01,0,4,0,4,5,31,13,49
LAMPUNG,2020-05-02,0,0,0,0,5,31,13,49
LAMPUNG,2020-05-03,0,0,0,0,5,31,13,49
LAMPUNG,2020-05-04,0,4,0,4,5,35,13,53
LAMPUNG,2020-05-05,0,0,1,1,5,35,14,54
LAMPUNG,2020-05-06,0,3,5,8,5,38,19,62
LAMPUNG,2020-05-07,0,0,0,0,5,38,19,62
LAMPUNG,2020-05-08,0,3,0,3,5,41,19,65
LAMPUNG,2020-05-09,0,0,0,0,5,41,19,65
LAMPUNG,2020-05-10,1,-1,0,0,6,40,19,65
LAMPUNG,2020-05-11,1,-1,0,0,7,39,19,65
LAMPUNG,2020-05-12,0,0,0,0,7,39,19,65
LAMPUNG,2020-05-13,0,0,0,0,7,39,19,65
LAMPUNG,2020-05-14,0,0,0,0,7,39,19,65
LAMPUNG,2020-05-15,1,-3,2,0,8,36,21,65
LAMPUNG,2020-05-16,0,-2,2,0,8,34,23,65
LAMPUNG,2020-05-17,0,1,0,1,8,35,23,66
LAMPUNG,2020-05-18,0,14,2,16,8,49,25,82
LAMPUNG,2020-05-19,0,-3,4,1,8,46,29,83
LAMPUNG,2020-05-20,0,2,0,2,8,48,29,85
LAMPUNG,2020-05-21,0,14,2,16,8,62,31,101
LAMPUNG,2020-05-22,0,-1,5,4,8,61,36,105
LAMPUNG,2020-05-23,0,-4,4,0,8,57,40,105
LAMPUNG,2020-05-24,2,-3,5,4,10,54,45,109
LAMPUNG,2020-05-25,1,6,0,7,11,60,45,116
LAMPUNG,2020-05-26,0,-2,2,0,11,58,47,116
LAMPUNG,2020-05-27,0,2,0,2,11,60,47,118
LAMPUNG,2020-05-28,0,0,0,0,11,60,47,118
LAMPUNG,2020-05-29,0,13,0,13,11,73,47,131
LAMPUNG,2020-05-30,0,-10,11,1,11,63,58,132
LAMPUNG,2020-05-31,0,-3,4,1,11,60,62,133
LAMPUNG,2020-06-01,0,-3,5,2,11,57,67,135
LAMPUNG,2020-06-02,0,-6,6,0,11,51,73,135
LAMPUNG,2020-06-03,0,-4,4,0,11,47,77,135
LAMPUNG,2020-06-04,0,1,3,4,11,48,80,139
LAMPUNG,2020-06-05,0,-10,11,1,11,38,91,140
LAMPUNG,2020-06-06,0,-1,3,2,11,37,94,142
LAMPUNG,2020-06-07,0,1,0,1,11,38,94,143
SULAWESI UTARA,2020-04-01,0,1,0,1,0,1,0,1
SULAWESI UTARA,2020-04-02,0,0,0,0,0,1,0,1
SULAWESI UTARA,2020-04-03,0,0,0,0,0,1,0,1
SULAWESI UTARA,2020-04-04,1,-1,0,0,1,0,0,1
SULAWESI UTARA,2020-04-05,0,0,0,0,1,0,0,1
SULAWESI UTARA,2020-04-06,0,2,0,2,1,2,0,3
SULAWESI UTARA,2020-04-07,1,2,0,3,2,4,0,6
SULAWESI UTARA,2020-04-08,0,0,0,0,2,4,0,6
SULAWESI UTARA,2020-04-09,0,0,0,0,2,4,0,6
SULAWESI UTARA,2020-04-10,1,4,0,5,3,8,0,11
SULAWESI UTARA,2020-04-11,0,-1,1,0,3,7,1,11
SULAWESI UTARA,2020-04-12,0,4,0,4,3,11,1,15
SULAWESI UTARA,2020-04-13,0,0,0,0,3,11,1,15
SULAWESI UTARA,2020-04-14,0,-2,2,0,3,9,3,15
SULAWESI UTARA,2020-04-15,0,1,0,1,3,10,3,16
SULAWESI UTARA,2020-04-16,0,-1,1,0,3,9,4,16
SULAWESI UTARA,2020-04-17,0,0,0,0,3,9,4,16
SULAWESI UTARA,2020-04-18,0,2,0,2,3,11,4,18
SULAWESI UTARA,2020-04-19,0,0,0,0,3,11,4,18
SULAWESI UTARA,2020-04-20,0,0,0,0,3,11,4,18
SULAWESI UTARA,2020-04-21,0,0,0,0,3,11,4,18
SULAWESI UTARA,2020-04-22,0,0,0,0,3,11,4,18
SULAWESI UTARA,2020-04-23,0,9,2,11,3,20,6,29
SULAWESI UTARA,2020-04-24,0,5,0,5,3,25,6,34
SULAWESI UTARA,2020-04-25,0,0,0,0,3,25,6,34
SULAWESI UTARA,2020-04-26,0,-2,6,4,3,23,12,38
SULAWESI UTARA,2020-04-27,0,0,0,0,3,23,12,38
SULAWESI UTARA,2020-04-28,0,3,0,3,3,26,12,41
SULAWESI UTARA,2020-04-29,0,0,1,1,3,26,13,42
SULAWESI UTARA,2020-04-30,1,0,0,1,4,26,13,43
SULAWESI UTARA,2020-05-01,0,0,0,0,4,26,13,43
SULAWESI UTARA,2020-05-02,0,-3,3,0,4,23,16,43
SULAWESI UTARA,2020-05-03,0,0,0,0,4,23,16,43
SULAWESI UTARA,2020-05-04,0,0,0,0,4,23,16,43
SULAWESI UTARA,2020-05-05,0,0,0,0,4,23,16,43
SULAWESI UTARA,2020-05-06,0,0,0,0,4,23,16,43
SULAWESI UTARA,2020-05-07,0,0,0,0,4,23,16,43
SULAWESI UTARA,2020-05-08,0,2,0,2,4,25,16,45
SULAWESI UTARA,2020-05-09,1,5,0,6,5,30,16,51
SULAWESI UTARA,2020-05-10,1,17,0,18,6,47,16,69
SULAWESI UTARA,2020-05-11,0,0,0,0,6,47,16,69
SULAWESI UTARA,2020-05-12,0,-6,9,3,6,41,25,72
SULAWESI UTARA,2020-05-13,1,7,0,8,7,48,25,80
SULAWESI UTARA,2020-05-14,1,-4,4,1,8,44,29,81
SULAWESI UTARA,2020-05-15,1,21,0,22,9,65,29,103
SULAWESI UTARA,2020-05-16,0,8,1,9,9,73,30,112
SULAWESI UTARA,2020-05-17,4,-4,0,0,13,69,30,112
SULAWESI UTARA,2020-05-18,1,1,0,2,14,70,30,114
SULAWESI UTARA,2020-05-19,0,10,0,10,14,80,30,124
SULAWESI UTARA,2020-05-20,1,23,0,24,15,103,30,148
SULAWESI UTARA,2020-05-21,4,26,0,30,19,129,30,178
SULAWESI UTARA,2020-05-22,4,14,0,18,23,143,30,196
SULAWESI UTARA,2020-05-23,2,0,1,3,25,143,31,199
SULAWESI UTARA,2020-05-24,1,26,2,29,26,169,33,228
SULAWESI UTARA,2020-05-25,1,8,0,9,27,177,33,237
SULAWESI UTARA,2020-05-26,5,20,1,26,32,197,34,263
SULAWESI UTARA,2020-05-27,2,13,1,16,34,210,35,279
SULAWESI UTARA,2020-05-28,0,14,2,16,34,224,37,295
SULAWESI UTARA,2020-05-29,1,7,1,9,35,231,38,304
SULAWESI UTARA,2020-05-30,0,15,1,16,35,246,39,320
SULAWESI UTARA,2020-05-31,2,4,11,17,37,250,50,337
SULAWESI UTARA,2020-06-01,0,-1,1,0,37,249,51,337
SULAWESI UTARA,2020-06-02,1,14,0,15,38,263,51,352
SULAWESI UTARA,2020-06-03,3,16,4,23,41,279,55,375
SULAWESI UTARA,2020-06-04,1,-3,6,4,42,276,61,379
SULAWESI UTARA,2020-06-05,1,9,0,10,43,285,61,389
SULAWESI UTARA,2020-06-06,0,79,0,79,43,364,61,468
SULAWESI UTARA,2020-06-07,2,21,2,25,45,385,63,493
SULAWESI TENGAH,2020-03-26,0,1,0,1,0,1,0,1
SULAWESI TENGAH,2020-03-27,0,0,0,0,0,1,0,1
SULAWESI TENGAH,2020-03-28,0,1,0,1,0,2,0,2
SULAWESI TENGAH,2020-03-29,0,0,0,0,0,2,0,2
SULAWESI TENGAH,2020-03-30,0,0,0,0,0,2,0,2
SULAWESI TENGAH,2020-03-31,0,0,0,0,0,2,0,2
SULAWESI TENGAH,2020-04-01,0,0,0,0,0,2,0,2
SULAWESI TENGAH,2020-04-02,1,-1,0,0,1,1,0,2
SULAWESI TENGAH,2020-04-03,1,1,0,2,2,2,0,4
SULAWESI TENGAH,2020-04-04,0,0,0,0,2,2,0,4
SULAWESI TENGAH,2020-04-05,0,1,0,1,2,3,0,5
SULAWESI TENGAH,2020-04-06,0,0,0,0,2,3,0,5
SULAWESI TENGAH,2020-04-07,0,-2,2,0,2,1,2,5
SULAWESI TENGAH,2020-04-08,0,0,0,0,2,1,2,5
SULAWESI TENGAH,2020-04-09,0,0,0,0,2,1,2,5
SULAWESI TENGAH,2020-04-10,0,9,0,9,2,10,2,14
SULAWESI TENGAH,2020-04-11,0,5,0,5,2,15,2,19
SULAWESI TENGAH,2020-04-12,0,0,0,0,2,15,2,19
SULAWESI TENGAH,2020-04-13,1,-1,0,0,3,14,2,19
SULAWESI TENGAH,2020-04-14,0,0,0,0,3,14,2,19
SULAWESI TENGAH,2020-04-15,0,3,0,3,3,17,2,22
SULAWESI TENGAH,2020-04-16,0,0,0,0,3,17,2,22
SULAWESI TENGAH,2020-04-17,0,2,0,2,3,19,2,24
SULAWESI TENGAH,2020-04-18,0,0,0,0,3,19,2,24
SULAWESI TENGAH,2020-04-19,0,3,0,3,3,22,2,27
SULAWESI TENGAH,2020-04-20,0,0,0,0,3,22,2,27
SULAWESI TENGAH,2020-04-21,0,-1,1,0,3,21,3,27
SULAWESI TENGAH,2020-04-22,0,2,0,2,3,23,3,29
SULAWESI TENGAH,2020-04-23,0,0,0,0,3,23,3,29
SULAWESI TENGAH,2020-04-24,0,3,0,3,3,26,3,32
SULAWESI TENGAH,2020-04-25,0,4,0,4,3,30,3,36
SULAWESI TENGAH,2020-04-26,0,-1,1,0,3,29,4,36
SULAWESI TENGAH,2020-04-27,0,0,0,0,3,29,4,36
SULAWESI TENGAH,2020-04-28,0,2,4,6,3,31,8,42
SULAWESI TENGAH,2020-04-29,0,5,0,5,3,36,8,47
SULAWESI TENGAH,2020-04-30,0,0,0,0,3,36,8,47
SULAWESI TENGAH,2020-05-01,0,-3,3,0,3,33,11,47
SULAWESI TENGAH,2020-05-02,0,12,0,12,3,45,11,59
SULAWESI TENGAH,2020-05-03,0,0,0,0,3,45,11,59
SULAWESI TENGAH,2020-05-04,0,0,0,0,3,45,11,59
SULAWESI TENGAH,2020-05-05,0,10,1,11,3,55,12,70
SULAWESI TENGAH,2020-05-06,0,0,0,0,3,55,12,70
SULAWESI TENGAH,2020-05-07,0,5,0,5,3,60,12,75
SULAWESI TENGAH,2020-05-08,0,0,0,0,3,60,12,75
SULAWESI TENGAH,2020-05-09,0,0,0,0,3,60,12,75
SULAWESI TENGAH,2020-05-10,0,8,0,8,3,68,12,83
SULAWESI TENGAH,2020-05-11,0,-1,1,0,3,67,13,83
SULAWESI TENGAH,2020-05-12,0,12,0,12,3,79,13,95
SULAWESI TENGAH,2020-05-13,1,-1,7,7,4,78,20,102
SULAWESI TENGAH,2020-05-14,0,8,1,9,4,86,21,111
SULAWESI TENGAH,2020-05-15,0,1,0,1,4,87,21,112
SULAWESI TENGAH,2020-05-16,0,0,1,1,4,87,22,113
SULAWESI TENGAH,2020-05-17,0,0,2,2,4,87,24,115
SULAWESI TENGAH,2020-05-18,0,-2,2,0,4,85,26,115
SULAWESI TENGAH,2020-05-19,0,0,0,0,4,85,26,115
SULAWESI TENGAH,2020-05-20,0,0,0,0,4,85,26,115
SULAWESI TENGAH,2020-05-21,0,-9,11,2,4,76,37,117
SULAWESI TENGAH,2020-05-22,0,1,0,1,4,77,37,118
SULAWESI TENGAH,2020-05-23,0,2,0,2,4,79,37,120
SULAWESI TENGAH,2020-05-24,0,-9,9,0,4,70,46,120
SULAWESI TENGAH,2020-05-25,0,0,0,0,4,70,46,120
SULAWESI TENGAH,2020-05-26,0,-2,2,0,4,68,48,120
SULAWESI TENGAH,2020-05-27,0,-2,2,0,4,66,50,120
SULAWESI TENGAH,2020-05-28,0,4,2,6,4,70,52,126
SULAWESI TENGAH,2020-05-29,0,0,0,0,4,70,52,126
SULAWESI TENGAH,2020-05-30,0,0,0,0,4,70,52,126
SULAWESI TENGAH,2020-05-31,0,-7,9,2,4,63,61,128
SULAWESI TENGAH,2020-06-01,0,0,0,0,4,63,61,128
SULAWESI TENGAH,2020-06-02,0,0,0,0,4,63,61,128
SULAWESI TENGAH,2020-06-03,0,-2,3,1,4,61,64,129
SULAWESI TENGAH,2020-06-04,0,-6,6,0,4,55,70,129
SULAWESI TENGAH,2020-06-05,0,-1,8,7,4,54,78,136
SULAWESI TENGAH,2020-06-06,0,-5,8,3,4,49,86,139
SULAWESI TENGAH,2020-06-07,0,13,7,20,4,62,93,159
RIAU,2020-03-29,0,1,0,1,0,1,0,1
RIAU,2020-03-30,0,1,0,1,0,2,0,2
RIAU,2020-03-31,0,0,0,0,0,2,0,2
RIAU,2020-04-01,1,-1,0,0,1,1,0,2
RIAU,2020-04-02,0,4,0,4,1,5,0,6
RIAU,2020-04-03,0,3,0,3,1,8,0,9
RIAU,2020-04-04,0,-1,1,0,1,7,1,9
RIAU,2020-04-05,1,0,0,1,2,7,1,10
RIAU,2020-04-06,0,1,0,1,2,8,1,11
RIAU,2020-04-07,0,0,0,0,2,8,1,11
RIAU,2020-04-08,0,0,0,0,2,8,1,11
RIAU,2020-04-09,1,0,0,1,3,8,1,12
RIAU,2020-04-10,0,-1,1,0,3,7,2,12
RIAU,2020-04-11,0,2,1,3,3,9,3,15
RIAU,2020-04-12,0,0,0,0,3,9,3,15
RIAU,2020-04-13,0,4,0,4,3,13,3,19
RIAU,2020-04-14,0,0,0,0,3,13,3,19
RIAU,2020-04-15,2,-6,4,0,5,7,7,19
RIAU,2020-04-16,0,2,3,5,5,9,10,24
RIAU,2020-04-17,0,1,0,1,5,10,10,25
RIAU,2020-04-18,0,4,0,4,5,14,10,29
RIAU,2020-04-19,0,0,0,0,5,14,10,29
RIAU,2020-04-20,1,3,0,4,6,17,10,33
RIAU,2020-04-21,0,1,0,1,6,18,10,34
RIAU,2020-04-22,0,0,0,0,6,18,10,34
RIAU,2020-04-23,0,-2,3,1,6,16,13,35
RIAU,2020-04-24,0,-1,1,0,6,15,14,35
RIAU,2020-04-25,0,1,1,2,6,16,15,37
RIAU,2020-04-26,0,1,0,1,6,17,15,38
RIAU,2020-04-27,0,-1,1,0,6,16,16,38
RIAU,2020-04-28,0,1,0,1,6,17,16,39
RIAU,2020-04-29,0,0,1,1,6,17,17,40
RIAU,2020-04-30,0,-7,7,0,6,10,24,40
RIAU,2020-05-01,0,1,0,1,6,11,24,41
RIAU,2020-05-02,0,1,2,3,6,12,26,44
RIAU,2020-05-03,0,8,0,8,6,20,26,52
RIAU,2020-05-04,0,5,0,5,6,25,26,57
RIAU,2020-05-05,0,2,1,3,6,27,27,60
RIAU,2020-05-06,0,0,0,0,6,27,27,60
RIAU,2020-05-07,0,5,0,5,6,32,27,65
RIAU,2020-05-08,0,-8,11,3,6,24,38,68
RIAU,2020-05-09,0,1,1,2,6,25,39,70
RIAU,2020-05-10,0,-5,7,2,6,20,46,72
RIAU,2020-05-11,0,-2,3,1,6,18,49,73
RIAU,2020-05-12,0,7,0,7,6,25,49,80
RIAU,2020-05-13,0,7,0,7,6,32,49,87
RIAU,2020-05-14,0,6,0,6,6,38,49,93
RIAU,2020-05-15,0,-4,5,1,6,34,54,94
RIAU,2020-05-16,0,-6,6,0,6,28,60,94
RIAU,2020-05-17,0,4,0,4,6,32,60,98
RIAU,2020-05-18,0,0,2,2,6,32,62,100
RIAU,2020-05-19,0,5,0,5,6,37,62,105
RIAU,2020-05-20,0,0,1,1,6,37,63,106
RIAU,2020-05-21,0,-2,3,1,6,35,66,107
RIAU,2020-05-22,0,1,0,1,6,36,66,108
RIAU,2020-05-23,0,1,0,1,6,37,66,109
RIAU,2020-05-24,0,0,1,1,6,37,67,110
RIAU,2020-05-25,0,0,0,0,6,37,67,110
RIAU,2020-05-26,0,-10,10,0,6,27,77,110
RIAU,2020-05-27,0,0,0,0,6,27,77,110
RIAU,2020-05-28,0,-3,3,0,6,24,80,110
RIAU,2020-05-29,0,2,4,6,6,26,84,116
RIAU,2020-05-30,0,-1,1,0,6,25,85,116
RIAU,2020-05-31,0,-3,3,0,6,22,88,116
RIAU,2020-06-01,0,-1,1,0,6,21,89,116
RIAU,2020-06-02,0,-3,3,0,6,18,92,116
RIAU,2020-06-03,0,-4,4,0,6,14,96,116
RIAU,2020-06-04,0,-3,3,0,6,11,99,116
RIAU,2020-06-05,0,-2,2,0,6,9,101,116
RIAU,2020-06-06,0,1,0,1,6,10,101,117
PAPUA BARAT,2020-03-27,0,2,0,2,0,2,0,2
PAPUA BARAT,2020-03-28,0,0,0,0,0,2,0,2
PAPUA BARAT,2020-03-29,0,0,0,0,0,2,0,2
PAPUA BARAT,2020-03-30,0,0,0,0,0,2,0,2
PAPUA BARAT,2020-03-31,0,0,0,0,0,2,0,2
PAPUA BARAT,2020-04-01,0,0,0,0,0,2,0,2
PAPUA BARAT,2020-04-02,0,0,0,0,0,2,0,2
PAPUA BARAT,2020-04-03,0,0,0,0,0,2,0,2
PAPUA BARAT,2020-04-04,0,0,0,0,0,2,0,2
PAPUA BARAT,2020-04-05,0,0,0,0,0,2,0,2
PAPUA BARAT,2020-04-06,0,0,0,0,0,2,0,2
PAPUA BARAT,2020-04-07,0,0,0,0,0,2,0,2
PAPUA BARAT,2020-04-08,0,0,0,0,0,2,0,2
PAPUA BARAT,2020-04-09,0,0,0,0,0,2,0,2
PAPUA BARAT,2020-04-10,0,0,0,0,0,2,0,2
PAPUA BARAT,2020-04-11,0,0,0,0,0,2,0,2
PAPUA BARAT,2020-04-12,0,0,0,0,0,2,0,2
PAPUA BARAT,2020-04-13,0,0,0,0,0,2,0,2
PAPUA BARAT,2020-04-14,0,0,0,0,0,2,0,2
PAPUA BARAT,2020-04-15,0,0,0,0,0,2,0,2
PAPUA BARAT,2020-04-16,0,3,0,3,0,5,0,5
PAPUA BARAT,2020-04-17,0,0,0,0,0,5,0,5
PAPUA BARAT,2020-04-18,0,0,0,0,0,5,0,5
PAPUA BARAT,2020-04-19,0,2,0,2,0,7,0,7
PAPUA BARAT,2020-04-20,0,0,0,0,0,7,0,7
PAPUA BARAT,2020-04-21,0,0,0,0,0,7,0,7
PAPUA BARAT,2020-04-22,0,1,0,1,0,8,0,8
PAPUA BARAT,2020-04-23,0,5,0,5,0,13,0,13
PAPUA BARAT,2020-04-24,0,2,0,2,0,15,0,15
PAPUA BARAT,2020-04-25,0,1,0,1,0,16,0,16
PAPUA BARAT,2020-04-26,0,0,0,0,0,16,0,16
PAPUA BARAT,2020-04-27,0,0,0,0,0,16,0,16
PAPUA BARAT,2020-04-28,0,21,0,21,0,37,0,37
PAPUA BARAT,2020-04-29,0,0,0,0,0,37,0,37
PAPUA BARAT,2020-04-30,0,0,0,0,0,37,0,37
PAPUA BARAT,2020-05-01,0,5,0,5,0,42,0,42
PAPUA BARAT,2020-05-02,0,1,0,1,0,43,0,43
PAPUA BARAT,2020-05-03,0,0,0,0,0,43,0,43
PAPUA BARAT,2020-05-04,0,0,0,0,0,43,0,43
PAPUA BARAT,2020-05-05,0,6,0,6,0,49,0,49
PAPUA BARAT,2020-05-06,0,4,0,4,0,53,0,53
PAPUA BARAT,2020-05-07,0,0,0,0,0,53,0,53
PAPUA BARAT,2020-05-08,0,0,0,0,0,53,0,53
PAPUA BARAT,2020-05-09,0,0,0,0,0,53,0,53
PAPUA BARAT,2020-05-10,0,15,2,17,0,68,2,70
PAPUA BARAT,2020-05-11,0,0,0,0,0,68,2,70
PAPUA BARAT,2020-05-12,0,0,0,0,0,68,2,70
PAPUA BARAT,2020-05-13,0,0,0,0,0,68,2,70
PAPUA BARAT,2020-05-14,0,18,0,18,0,86,2,88
PAPUA BARAT,2020-05-15,0,0,0,0,0,86,2,88
PAPUA BARAT,2020-05-16,0,11,3,14,0,97,5,102
PAPUA BARAT,2020-05-17,0,3,0,3,0,100,5,105
PAPUA BARAT,2020-05-18,0,0,0,0,0,100,5,105
PAPUA BARAT,2020-05-19,0,0,0,0,0,100,5,105
PAPUA BARAT,2020-05-20,0,0,1,1,0,100,6,106
PAPUA BARAT,2020-05-21,0,2,1,3,0,102,7,109
PAPUA BARAT,2020-05-22,0,6,4,10,0,108,11,119
PAPUA BARAT,2020-05-23,1,1,8,10,1,109,19,129
PAPUA BARAT,2020-05-24,0,1,0,1,1,110,19,130
PAPUA BARAT,2020-05-25,0,-3,3,0,1,107,22,130
PAPUA BARAT,2020-05-26,0,-11,13,2,1,96,35,132
PAPUA BARAT,2020-05-27,0,-1,1,0,1,95,36,132
PAPUA BARAT,2020-05-28,0,18,2,20,1,113,38,152
PAPUA BARAT,2020-05-29,0,2,4,6,1,115,42,158
PAPUA BARAT,2020-05-30,0,-3,7,4,1,112,49,162
PAPUA BARAT,2020-05-31,0,0,6,6,1,112,55,168
PAPUA BARAT,2020-06-01,0,0,0,0,1,112,55,168
PAPUA BARAT,2020-06-02,0,4,0,4,1,116,55,172
PAPUA BARAT,2020-06-03,0,0,0,0,1,116,55,172
PAPUA BARAT,2020-06-04,0,-1,2,1,1,115,57,173
PAPUA BARAT,2020-06-05,0,-15,17,2,1,100,74,175
PAPUA BARAT,2020-06-06,0,3,0,3,1,103,74,178
PAPUA BARAT,2020-06-07,0,1,0,1,1,104,74,179
SULAWESI BARAT,2020-03-28,0,1,0,1,0,1,0,1
SULAWESI BARAT,2020-03-29,0,0,0,0,0,1,0,1
SULAWESI BARAT,2020-03-30,0,0,0,0,0,1,0,1
SULAWESI BARAT,2020-03-31,0,0,0,0,0,1,0,1
SULAWESI BARAT,2020-04-01,0,0,0,0,0,1,0,1
SULAWESI BARAT,2020-04-02,0,0,0,0,0,1,0,1
SULAWESI BARAT,2020-04-03,0,1,0,1,0,2,0,2
SULAWESI BARAT,2020-04-04,0,0,0,0,0,2,0,2
SULAWESI BARAT,2020-04-05,0,0,0,0,0,2,0,2
SULAWESI BARAT,2020-04-06,0,0,0,0,0,2,0,2
SULAWESI BARAT,2020-04-07,0,0,0,0,0,2,0,2
SULAWESI BARAT,2020-04-08,0,0,0,0,0,2,0,2
SULAWESI BARAT,2020-04-09,0,0,0,0,0,2,0,2
SULAWESI BARAT,2020-04-10,0,1,0,1,0,3,0,3
SULAWESI BARAT,2020-04-11,1,0,1,2,1,3,1,5
SULAWESI BARAT,2020-04-12,0,0,0,0,1,3,1,5
SULAWESI BARAT,2020-04-13,0,0,0,0,1,3,1,5
SULAWESI BARAT,2020-04-14,0,0,0,0,1,3,1,5
SULAWESI BARAT,2020-04-15,0,2,0,2,1,5,1,7
SULAWESI BARAT,2020-04-16,0,0,0,0,1,5,1,7
SULAWESI BARAT,2020-04-17,0,0,0,0,1,5,1,7
SULAWESI BARAT,2020-04-18,0,0,0,0,1,5,1,7
SULAWESI BARAT,2020-04-19,0,0,0,0,1,5,1,7
SULAWESI BARAT,2020-04-20,0,0,0,0,1,5,1,7
SULAWESI BARAT,2020-04-21,0,0,0,0,1,5,1,7
SULAWESI BARAT,2020-04-22,0,1,0,1,1,6,1,8
SULAWESI BARAT,2020-04-23,0,0,0,0,1,6,1,8
SULAWESI BARAT,2020-04-24,0,25,0,25,1,31,1,33
SULAWESI BARAT,2020-04-25,0,2,0,2,1,33,1,35
SULAWESI BARAT,2020-04-26,0,0,0,0,1,33,1,35
SULAWESI BARAT,2020-04-27,0,0,0,0,1,33,1,35
SULAWESI BARAT,2020-04-28,0,0,2,2,1,33,3,37
SULAWESI BARAT,2020-04-29,0,0,1,1,1,33,4,38
SULAWESI BARAT,2020-04-30,0,4,0,4,1,37,4,42
SULAWESI BARAT,2020-05-01,0,0,1,1,1,37,5,43
SULAWESI BARAT,2020-05-02,0,1,0,1,1,38,5,44
SULAWESI BARAT,2020-05-03,0,0,0,0,1,38,5,44
SULAWESI BARAT,2020-05-04,0,0,0,0,1,38,5,44
SULAWESI BARAT,2020-05-05,1,13,0,14,2,51,5,58
SULAWESI BARAT,2020-05-06,0,0,0,0,2,51,5,58
SULAWESI BARAT,2020-05-07,0,0,0,0,2,51,5,58
SULAWESI BARAT,2020-05-08,0,2,0,2,2,53,5,60
SULAWESI BARAT,2020-05-09,0,2,0,2,2,55,5,62
SULAWESI BARAT,2020-05-10,0,0,0,0,2,55,5,62
SULAWESI BARAT,2020-05-11,0,0,0,0,2,55,5,62
SULAWESI BARAT,2020-05-12,0,3,2,5,2,58,7,67
SULAWESI BARAT,2020-05-13,0,6,0,6,2,64,7,73
SULAWESI BARAT,2020-05-14,0,-12,13,1,2,52,20,74
SULAWESI BARAT,2020-05-15,0,-2,2,0,2,50,22,74
SULAWESI BARAT,2020-05-16,0,0,1,1,2,50,23,75
SULAWESI BARAT,2020-05-17,0,0,0,0,2,50,23,75
SULAWESI BARAT,2020-05-18,0,0,0,0,2,50,23,75
SULAWESI BARAT,2020-05-19,0,0,2,2,2,50,25,77
SULAWESI BARAT,2020-05-20,0,1,0,1,2,51,25,78
SULAWESI BARAT,2020-05-21,0,8,0,8,2,59,25,86
SULAWESI BARAT,2020-05-22,0,-1,1,0,2,58,26,86
SULAWESI BARAT,2020-05-23,0,-1,1,0,2,57,27,86
SULAWESI BARAT,2020-05-24,0,0,0,0,2,57,27,86
SULAWESI BARAT,2020-05-25,0,0,0,0,2,57,27,86
SULAWESI BARAT,2020-05-26,0,-1,2,1,2,56,29,87
SULAWESI BARAT,2020-05-27,0,-2,3,1,2,54,32,88
SULAWESI BARAT,2020-05-28,0,-2,2,0,2,52,34,88
SULAWESI BARAT,2020-05-29,0,0,0,0,2,52,34,88
SULAWESI BARAT,2020-05-30,0,0,0,0,2,52,34,88
SULAWESI BARAT,2020-05-31,0,-3,7,4,2,49,41,92
SULAWESI BARAT,2020-06-01,0,0,0,0,2,49,41,92
SULAWESI BARAT,2020-06-02,0,-8,8,0,2,41,49,92
SULAWESI BARAT,2020-06-03,0,0,0,0,2,41,49,92
SULAWESI BARAT,2020-06-04,0,0,0,0,2,41,49,92
SULAWESI BARAT,2020-06-05,0,-1,1,0,2,40,50,92
SULAWESI BARAT,2020-06-06,0,-8,8,0,2,32,58,92
SULAWESI BARAT,2020-06-07,0,-1,3,2,2,31,61,94
JAMBI,2020-03-30,0,1,0,1,0,1,0,1
JAMBI,2020-03-31,0,0,0,0,0,1,0,1
JAMBI,2020-04-01,0,0,0,0,0,1,0,1
JAMBI,2020-04-02,0,0,0,0,0,1,0,1
JAMBI,2020-04-03,0,0,0,0,0,1,0,1
JAMBI,2020-04-04,0,0,0,0,0,1,0,1
JAMBI,2020-04-05,0,0,0,0,0,1,0,1
JAMBI,2020-04-06,0,0,0,0,0,1,0,1
JAMBI,2020-04-07,0,0,0,0,0,1,0,1
JAMBI,2020-04-08,0,0,0,0,0,1,0,1
JAMBI,2020-04-09,0,0,0,0,0,1,0,1
JAMBI,2020-04-10,0,0,0,0,0,1,0,1
JAMBI,2020-04-11,0,2,0,2,0,3,0,3
JAMBI,2020-04-12,0,0,0,0,0,3,0,3
JAMBI,2020-04-13,0,0,0,0,0,3,0,3
JAMBI,2020-04-14,0,1,0,1,0,4,0,4
JAMBI,2020-04-15,0,1,0,1,0,5,0,5
JAMBI,2020-04-16,0,1,0,1,0,6,0,6
JAMBI,2020-04-17,0,1,0,1,0,7,0,7
JAMBI,2020-04-18,0,-1,1,0,0,6,1,7
JAMBI,2020-04-19,0,0,0,0,0,6,1,7
JAMBI,2020-04-20,0,0,0,0,0,6,1,7
JAMBI,2020-04-21,0,5,0,5,0,11,1,12
JAMBI,2020-04-22,0,0,0,0,0,11,1,12
JAMBI,2020-04-23,0,1,0,1,0,12,1,13
JAMBI,2020-04-24,0,4,0,4,0,16,1,17
JAMBI,2020-04-25,0,3,0,3,0,19,1,20
JAMBI,2020-04-26,0,11,0,11,0,30,1,31
JAMBI,2020-04-27,0,0,0,0,0,30,1,31
JAMBI,2020-04-28,0,0,0,0,0,30,1,31
JAMBI,2020-04-29,0,0,0,0,0,30,1,31
JAMBI,2020-04-30,0,0,0,0,0,30,1,31
JAMBI,2020-05-01,0,0,0,0,0,30,1,31
JAMBI,2020-05-02,0,0,0,0,0,30,1,31
JAMBI,2020-05-03,0,6,0,6,0,36,1,37
JAMBI,2020-05-04,0,0,0,0,0,36,1,37
JAMBI,2020-05-05,0,5,0,5,0,41,1,42
JAMBI,2020-05-06,0,4,0,4,0,45,1,46
JAMBI,2020-05-07,0,0,0,0,0,45,1,46
JAMBI,2020-05-08,0,0,0,0,0,45,1,46
JAMBI,2020-05-09,0,13,2,15,0,58,3,61
JAMBI,2020-05-10,0,2,0,2,0,60,3,63
JAMBI,2020-05-11,0,1,0,1,0,61,3,64
JAMBI,2020-05-12,0,0,0,0,0,61,3,64
JAMBI,2020-05-13,0,0,0,0,0,61,3,64
JAMBI,2020-05-14,0,1,0,1,0,62,3,65
JAMBI,2020-05-15,0,3,0,3,0,65,3,68
JAMBI,2020-05-16,0,9,1,10,0,74,4,78
JAMBI,2020-05-17,0,1,0,1,0,75,4,79
JAMBI,2020-05-18,0,1,0,1,0,76,4,80
JAMBI,2020-05-19,0,3,0,3,0,79,4,83
JAMBI,2020-05-20,0,3,2,5,0,82,6,88
JAMBI,2020-05-21,0,-2,2,0,0,80,8,88
JAMBI,2020-05-22,0,2,0,2,0,82,8,90
JAMBI,2020-05-23,0,-5,5,0,0,77,13,90
JAMBI,2020-05-24,0,2,2,4,0,79,15,94
JAMBI,2020-05-25,0,2,0,2,0,81,15,96
JAMBI,2020-05-26,0,0,0,0,0,81,15,96
JAMBI,2020-05-27,0,0,0,0,0,81,15,96
JAMBI,2020-05-28,0,0,0,0,0,81,15,96
JAMBI,2020-05-29,0,0,0,0,0,81,15,96
JAMBI,2020-05-30,0,0,0,0,0,81,15,96
JAMBI,2020-05-31,0,0,0,0,0,81,15,96
JAMBI,2020-06-01,0,-5,5,0,0,76,20,96
JAMBI,2020-06-02,0,0,0,0,0,76,20,96
JAMBI,2020-06-03,0,-7,7,0,0,69,27,96
JAMBI,2020-06-04,0,2,0,2,0,71,27,98
JAMBI,2020-06-05,0,2,0,2,0,73,27,100
JAMBI,2020-06-06,0,2,0,2,0,75,27,102
MALUKU UTARA,2020-03-23,0,1,0,1,0,1,0,1
MALUKU UTARA,2020-03-24,0,0,0,0,0,1,0,1
MALUKU UTARA,2020-03-25,0,0,0,0,0,1,0,1
MALUKU UTARA,2020-03-26,0,0,0,0,0,1,0,1
MALUKU UTARA,2020-03-27,0,0,0,0,0,1,0,1
MALUKU UTARA,2020-03-28,0,0,0,0,0,1,0,1
MALUKU UTARA,2020-03-29,0,0,0,0,0,1,0,1
MALUKU UTARA,2020-03-30,0,0,0,0,0,1,0,1
MALUKU UTARA,2020-03-31,0,0,0,0,0,1,0,1
MALUKU UTARA,2020-04-01,0,0,0,0,0,1,0,1
MALUKU UTARA,2020-04-02,0,0,0,0,0,1,0,1
MALUKU UTARA,2020-04-03,0,0,0,0,0,1,0,1
MALUKU UTARA,2020-04-04,0,0,0,0,0,1,0,1
MALUKU UTARA,2020-04-05,0,0,0,0,0,1,0,1
MALUKU UTARA,2020-04-06,0,0,0,0,0,1,0,1
MALUKU UTARA,2020-04-07,0,0,0,0,0,1,0,1
MALUKU UTARA,2020-04-08,0,1,0,1,0,2,0,2
MALUKU UTARA,2020-04-09,0,-1,1,0,0,1,1,2
MALUKU UTARA,2020-04-10,0,0,0,0,0,1,1,2
MALUKU UTARA,2020-04-11,0,0,0,0,0,1,1,2
MALUKU UTARA,2020-04-12,0,0,0,0,0,1,1,2
MALUKU UTARA,2020-04-13,0,0,0,0,0,1,1,2
MALUKU UTARA,2020-04-14,0,0,0,0,0,1,1,2
MALUKU UTARA,2020-04-15,0,1,1,2,0,2,2,4
MALUKU UTARA,2020-04-16,0,0,0,0,0,2,2,4
MALUKU UTARA,2020-04-17,0,0,0,0,0,2,2,4
MALUKU UTARA,2020-04-18,0,0,0,0,0,2,2,4
MALUKU UTARA,2020-04-19,0,0,0,0,0,2,2,4
MALUKU UTARA,2020-04-20,0,0,0,0,0,2,2,4
MALUKU UTARA,2020-04-21,0,0,0,0,0,2,2,4
MALUKU UTARA,2020-04-22,0,8,0,8,0,10,2,12
MALUKU UTARA,2020-04-23,0,2,0,2,0,12,2,14
MALUKU UTARA,2020-04-24,0,0,0,0,0,12,2,14
MALUKU UTARA,2020-04-25,0,-1,1,0,0,11,3,14
MALUKU UTARA,2020-04-26,0,12,0,12,0,23,3,26
MALUKU UTARA,2020-04-27,0,0,0,0,0,23,3,26
MALUKU UTARA,2020-04-28,0,-1,1,0,0,22,4,26
MALUKU UTARA,2020-04-29,0,0,0,0,0,22,4,26
MALUKU UTARA,2020-04-30,0,14,0,14,0,36,4,40
MALUKU UTARA,2020-05-01,0,1,0,1,0,37,4,41
MALUKU UTARA,2020-05-02,0,0,0,0,0,37,4,41
MALUKU UTARA,2020-05-03,0,7,2,9,0,44,6,50
MALUKU UTARA,2020-05-04,0,0,0,0,0,44,6,50
MALUKU UTARA,2020-05-05,0,0,0,0,0,44,6,50
MALUKU UTARA,2020-05-06,0,0,0,0,0,44,6,50
MALUKU UTARA,2020-05-07,0,0,0,0,0,44,6,50
MALUKU UTARA,2020-05-08,0,-3,3,0,0,41,9,50
MALUKU UTARA,2020-05-09,0,4,0,4,0,45,9,54
MALUKU UTARA,2020-05-10,0,0,0,0,0,45,9,54
MALUKU UTARA,2020-05-11,0,0,0,0,0,45,9,54
MALUKU UTARA,2020-05-12,0,0,0,0,0,45,9,54
MALUKU UTARA,2020-05-13,3,20,0,23,3,65,9,77
MALUKU UTARA,2020-05-14,0,1,3,4,3,66,12,81
MALUKU UTARA,2020-05-15,1,2,1,4,4,68,13,85
MALUKU UTARA,2020-05-16,0,3,0,3,4,71,13,88
MALUKU UTARA,2020-05-17,0,4,0,4,4,75,13,92
MALUKU UTARA,2020-05-18,0,1,0,1,4,76,13,93
MALUKU UTARA,2020-05-19,0,2,0,2,4,78,13,95
MALUKU UTARA,2020-05-20,0,1,0,1,4,79,13,96
MALUKU UTARA,2020-05-21,0,1,0,1,4,80,13,97
MALUKU UTARA,2020-05-22,0,2,0,2,4,82,13,99
MALUKU UTARA,2020-05-23,0,0,0,0,4,82,13,99
MALUKU UTARA,2020-05-24,1,0,0,1,5,82,13,100
MALUKU UTARA,2020-05-25,0,7,0,7,5,89,13,107
MALUKU UTARA,2020-05-26,1,6,4,11,6,95,17,118
MALUKU UTARA,2020-05-27,0,-3,4,1,6,92,21,119
MALUKU UTARA,2020-05-28,1,8,0,9,7,100,21,128
MALUKU UTARA,2020-05-29,0,11,0,11,7,111,21,139
MALUKU UTARA,2020-05-30,0,1,6,7,7,112,27,146
MALUKU UTARA,2020-05-31,4,3,0,7,11,115,27,153
MALUKU UTARA,2020-06-01,3,2,2,7,14,117,29,160
MALUKU UTARA,2020-06-02,1,13,0,14,15,130,29,174
MALUKU UTARA,2020-06-03,0,1,1,2,15,131,30,176
MALUKU UTARA,2020-06-04,2,-1,0,1,17,130,30,177
MALUKU UTARA,2020-06-05,1,0,0,1,18,130,30,178
MALUKU UTARA,2020-06-06,0,4,3,7,18,134,33,185
MALUKU UTARA,2020-06-07,0,1,0,1,18,135,33,186
MALUKU,2020-03-22,0,1,0,1,0,1,0,1
MALUKU,2020-03-23,0,0,0,0,0,1,0,1
MALUKU,2020-03-24,0,0,0,0,0,1,0,1
MALUKU,2020-03-25,0,0,0,0,0,1,0,1
MALUKU,2020-03-26,0,0,0,0,0,1,0,1
MALUKU,2020-03-27,0,0,0,0,0,1,0,1
MALUKU,2020-03-28,0,0,0,0,0,1,0,1
MALUKU,2020-03-29,0,0,0,0,0,1,0,1
MALUKU,2020-03-30,0,0,0,0,0,1,0,1
MALUKU,2020-03-31,0,0,0,0,0,1,0,1
MALUKU,2020-04-01,0,0,0,0,0,1,0,1
MALUKU,2020-04-02,0,0,0,0,0,1,0,1
MALUKU,2020-04-03,0,0,0,0,0,1,0,1
MALUKU,2020-04-04,0,0,0,0,0,1,0,1
MALUKU,2020-04-05,0,0,0,0,0,1,0,1
MALUKU,2020-04-06,0,0,0,0,0,1,0,1
MALUKU,2020-04-07,0,0,0,0,0,1,0,1
MALUKU,2020-04-08,0,2,0,2,0,3,0,3
MALUKU,2020-04-09,0,0,0,0,0,3,0,3
MALUKU,2020-04-10,0,0,0,0,0,3,0,3
MALUKU,2020-04-11,0,0,0,0,0,3,0,3
MALUKU,2020-04-12,0,8,0,8,0,11,0,11
MALUKU,2020-04-13,0,0,0,0,0,11,0,11
MALUKU,2020-04-14,0,0,0,0,0,11,0,11
MALUKU,2020-04-15,0,3,0,3,0,14,0,14
MALUKU,2020-04-16,0,0,0,0,0,14,0,14
MALUKU,2020-04-17,0,0,0,0,0,14,0,14
MALUKU,2020-04-18,0,-2,5,3,0,12,5,17
MALUKU,2020-04-19,0,0,0,0,0,12,5,17
MALUKU,2020-04-20,0,-4,4,0,0,8,9,17
MALUKU,2020-04-21,0,0,0,0,0,8,9,17
MALUKU,2020-04-22,0,0,0,0,0,8,9,17
MALUKU,2020-04-23,0,0,0,0,0,8,9,17
MALUKU,2020-04-24,0,-1,1,0,0,7,10,17
MALUKU,2020-04-25,0,3,0,3,0,10,10,20
MALUKU,2020-04-26,0,0,0,0,0,10,10,20
MALUKU,2020-04-27,0,0,0,0,0,10,10,20
MALUKU,2020-04-28,0,1,1,2,0,11,11,22
MALUKU,2020-04-29,0,1,0,1,0,12,11,23
MALUKU,2020-04-30,0,0,0,0,0,12,11,23
MALUKU,2020-05-01,0,0,0,0,0,12,11,23
MALUKU,2020-05-02,0,0,0,0,0,12,11,23
MALUKU,2020-05-03,0,0,0,0,0,12,11,23
MALUKU,2020-05-04,0,0,0,0,0,12,11,23
MALUKU,2020-05-05,0,0,0,0,0,12,11,23
MALUKU,2020-05-06,2,-2,0,0,2,10,11,23
MALUKU,2020-05-07,0,0,0,0,2,10,11,23
MALUKU,2020-05-08,0,9,0,9,2,19,11,32
MALUKU,2020-05-09,0,0,0,0,2,19,11,32
MALUKU,2020-05-10,0,-1,1,0,2,18,12,32
MALUKU,2020-05-11,2,-6,4,0,4,12,16,32
MALUKU,2020-05-12,0,18,0,18,4,30,16,50
MALUKU,2020-05-13,0,0,0,0,4,30,16,50
MALUKU,2020-05-14,0,12,0,12,4,42,16,62
MALUKU,2020-05-15,0,0,0,0,4,42,16,62
MALUKU,2020-05-16,0,0,0,0,4,42,16,62
MALUKU,2020-05-17,2,16,4,22,6,58,20,84
MALUKU,2020-05-18,0,23,0,23,6,81,20,107
MALUKU,2020-05-19,0,0,0,0,6,81,20,107
MALUKU,2020-05-20,1,16,0,17,7,97,20,124
MALUKU,2020-05-21,0,10,1,11,7,107,21,135
MALUKU,2020-05-22,0,22,0,22,7,129,21,157
MALUKU,2020-05-23,0,0,0,0,7,129,21,157
MALUKU,2020-05-24,0,-3,5,2,7,126,26,159
MALUKU,2020-05-25,0,1,0,1,7,127,26,160
MALUKU,2020-05-26,0,0,0,0,7,127,26,160
MALUKU,2020-05-27,1,2,7,10,8,129,33,170
MALUKU,2020-05-28,0,17,1,18,8,146,34,188
MALUKU,2020-05-29,0,27,0,27,8,173,34,215
MALUKU,2020-05-30,0,-1,1,0,8,172,35,215
MALUKU,2020-05-31,0,8,0,8,8,180,35,223
MALUKU,2020-06-01,0,0,0,0,8,180,35,223
MALUKU,2020-06-02,0,-19,19,0,8,161,54,223
MALUKU,2020-06-03,0,15,0,15,8,176,54,238
MALUKU,2020-06-04,0,-7,7,0,8,169,61,238
MALUKU,2020-06-05,0,14,2,16,8,183,63,254
MALUKU,2020-06-06,0,4,3,7,8,187,66,261
MALUKU,2020-06-07,0,8,0,8,8,195,66,269
GORONTALO,2020-04-10,0,1,0,1,0,1,0,1
GORONTALO,2020-04-11,0,0,0,0,0,1,0,1
GORONTALO,2020-04-12,0,0,0,0,0,1,0,1
GORONTALO,2020-04-13,0,0,0,0,0,1,0,1
GORONTALO,2020-04-14,0,0,0,0,0,1,0,1
GORONTALO,2020-04-15,0,0,0,0,0,1,0,1
GORONTALO,2020-04-16,0,3,0,3,0,4,0,4
GORONTALO,2020-04-17,0,0,0,0,0,4,0,4
GORONTALO,2020-04-18,0,0,0,0,0,4,0,4
GORONTALO,2020-04-19,0,0,0,0,0,4,0,4
GORONTALO,2020-04-20,0,0,0,0,0,4,0,4
GORONTALO,2020-04-21,1,2,0,3,1,6,0,7
GORONTALO,2020-04-22,0,0,0,0,1,6,0,7
GORONTALO,2020-04-23,0,0,0,0,1,6,0,7
GORONTALO,2020-04-24,0,5,0,5,1,11,0,12
GORONTALO,2020-04-25,0,2,0,2,1,13,0,14
GORONTALO,2020-04-26,0,0,0,0,1,13,0,14
GORONTALO,2020-04-27,0,0,0,0,1,13,0,14
GORONTALO,2020-04-28,0,-1,2,1,1,12,2,15
GORONTALO,2020-04-29,0,0,0,0,1,12,2,15
GORONTALO,2020-04-30,0,0,0,0,1,12,2,15
GORONTALO,2020-05-01,0,0,0,0,1,12,2,15
GORONTALO,2020-05-02,0,0,0,0,1,12,2,15
GORONTALO,2020-05-03,0,0,0,0,1,12,2,15
GORONTALO,2020-05-04,0,0,0,0,1,12,2,15
GORONTALO,2020-05-05,0,-4,4,0,1,8,6,15
GORONTALO,2020-05-06,0,-1,1,0,1,7,7,15
GORONTALO,2020-05-07,0,4,0,4,1,11,7,19
GORONTALO,2020-05-08,0,-3,3,0,1,8,10,19
GORONTALO,2020-05-09,0,0,0,0,1,8,10,19
GORONTALO,2020-05-10,0,-1,1,0,1,7,11,19
GORONTALO,2020-05-11,0,0,0,0,1,7,11,19
GORONTALO,2020-05-12,0,0,0,0,1,7,11,19
GORONTALO,2020-05-13,0,-1,1,0,1,6,12,19
GORONTALO,2020-05-14,0,1,1,2,1,7,13,21
GORONTALO,2020-05-15,0,0,1,1,1,7,14,22
GORONTALO,2020-05-16,1,0,0,1,2,7,14,23
GORONTALO,2020-05-17,0,1,0,1,2,8,14,24
GORONTALO,2020-05-18,0,4,0,4,2,12,14,28
GORONTALO,2020-05-19,0,0,0,0,2,12,14,28
GORONTALO,2020-05-20,0,-1,1,0,2,11,15,28
GORONTALO,2020-05-21,0,16,0,16,2,27,15,44
GORONTALO,2020-05-22,0,1,2,3,2,28,17,47
GORONTALO,2020-05-23,0,1,1,2,2,29,18,49
GORONTALO,2020-05-24,0,9,0,9,2,38,18,58
GORONTALO,2020-05-25,0,0,0,0,2,38,18,58
GORONTALO,2020-05-26,0,0,0,0,2,38,18,58
GORONTALO,2020-05-27,0,2,0,2,2,40,18,60
GORONTALO,2020-05-28,1,3,1,5,3,43,19,65
GORONTALO,2020-05-29,0,-1,4,3,3,42,23,68
GORONTALO,2020-05-30,2,-1,0,1,5,41,23,69
GORONTALO,2020-05-31,1,21,3,25,6,62,26,94
GORONTALO,2020-06-01,0,0,0,0,6,62,26,94
GORONTALO,2020-06-02,0,11,3,14,6,73,29,108
GORONTALO,2020-06-03,0,10,0,10,6,83,29,118
GORONTALO,2020-06-04,0,3,0,3,6,86,29,121
GORONTALO,2020-06-05,0,-3,3,0,6,83,32,121
GORONTALO,2020-06-06,0,-17,22,5,6,66,54,126
GORONTALO,2020-06-07,0,8,0,8,6,74,54,134
KEPULAUAN BANGKA BELITUNG,2020-03-30,0,1,0,1,0,1,0,1
KEPULAUAN BANGKA BELITUNG,2020-03-31,1,0,0,1,1,1,0,2
KEPULAUAN BANGKA BELITUNG,2020-04-01,0,0,0,0,1,1,0,2
KEPULAUAN BANGKA BELITUNG,2020-04-02,0,0,0,0,1,1,0,2
KEPULAUAN BANGKA BELITUNG,2020-04-03,0,0,0,0,1,1,0,2
KEPULAUAN BANGKA BELITUNG,2020-04-04,0,0,0,0,1,1,0,2
KEPULAUAN BANGKA BELITUNG,2020-04-05,0,0,0,0,1,1,0,2
KEPULAUAN BANGKA BELITUNG,2020-04-06,0,0,0,0,1,1,0,2
KEPULAUAN BANGKA BELITUNG,2020-04-07,0,0,0,0,1,1,0,2
KEPULAUAN BANGKA BELITUNG,2020-04-08,0,0,0,0,1,1,0,2
KEPULAUAN BANGKA BELITUNG,2020-04-09,0,1,0,1,1,2,0,3
KEPULAUAN BANGKA BELITUNG,2020-04-10,0,0,0,0,1,2,0,3
KEPULAUAN BANGKA BELITUNG,2020-04-11,0,1,0,1,1,3,0,4
KEPULAUAN BANGKA BELITUNG,2020-04-12,0,0,0,0,1,3,0,4
KEPULAUAN BANGKA BELITUNG,2020-04-13,0,0,0,0,1,3,0,4
KEPULAUAN BANGKA BELITUNG,2020-04-14,0,0,0,0,1,3,0,4
KEPULAUAN BANGKA BELITUNG,2020-04-15,0,1,0,1,1,4,0,5
KEPULAUAN BANGKA BELITUNG,2020-04-16,0,1,0,1,1,5,0,6
KEPULAUAN BANGKA BELITUNG,2020-04-17,0,0,0,0,1,5,0,6
KEPULAUAN BANGKA BELITUNG,2020-04-18,0,-1,1,0,1,4,1,6
KEPULAUAN BANGKA BELITUNG,2020-04-19,0,1,0,1,1,5,1,7
KEPULAUAN BANGKA BELITUNG,2020-04-20,0,0,0,0,1,5,1,7
KEPULAUAN BANGKA BELITUNG,2020-04-21,0,0,1,1,1,5,2,8
KEPULAUAN BANGKA BELITUNG,2020-04-22,0,0,0,0,1,5,2,8
KEPULAUAN BANGKA BELITUNG,2020-04-23,0,1,0,1,1,6,2,9
KEPULAUAN BANGKA BELITUNG,2020-04-24,0,0,0,0,1,6,2,9
KEPULAUAN BANGKA BELITUNG,2020-04-25,0,0,0,0,1,6,2,9
KEPULAUAN BANGKA BELITUNG,2020-04-26,0,1,0,1,1,7,2,10
KEPULAUAN BANGKA BELITUNG,2020-04-27,0,0,0,0,1,7,2,10
KEPULAUAN BANGKA BELITUNG,2020-04-28,0,0,0,0,1,7,2,10
KEPULAUAN BANGKA BELITUNG,2020-04-29,0,0,0,0,1,7,2,10
KEPULAUAN BANGKA BELITUNG,2020-04-30,0,-2,2,0,1,5,4,10
KEPULAUAN BANGKA BELITUNG,2020-05-01,0,9,0,9,1,14,4,19
KEPULAUAN BANGKA BELITUNG,2020-05-02,0,0,0,0,1,14,4,19
KEPULAUAN BANGKA BELITUNG,2020-05-03,0,1,0,1,1,15,4,20
KEPULAUAN BANGKA BELITUNG,2020-05-04,0,0,0,0,1,15,4,20
KEPULAUAN BANGKA BELITUNG,2020-05-05,0,8,0,8,1,23,4,28
KEPULAUAN BANGKA BELITUNG,2020-05-06,0,-2,2,0,1,21,6,28
KEPULAUAN BANGKA BELITUNG,2020-05-07,0,0,0,0,1,21,6,28
KEPULAUAN BANGKA BELITUNG,2020-05-08,0,-1,1,0,1,20,7,28
KEPULAUAN BANGKA BELITUNG,2020-05-09,0,0,0,0,1,20,7,28
KEPULAUAN BANGKA BELITUNG,2020-05-10,0,1,0,1,1,21,7,29
KEPULAUAN BANGKA BELITUNG,2020-05-11,0,0,0,0,1,21,7,29
KEPULAUAN BANGKA BELITUNG,2020-05-12,0,0,0,0,1,21,7,29
KEPULAUAN BANGKA BELITUNG,2020-05-13,0,0,0,0,1,21,7,29
KEPULAUAN BANGKA BELITUNG,2020-05-14,0,0,0,0,1,21,7,29
KEPULAUAN BANGKA BELITUNG,2020-05-15,0,-17,17,0,1,4,24,29
KEPULAUAN BANGKA BELITUNG,2020-05-16,0,0,0,0,1,4,24,29
KEPULAUAN BANGKA BELITUNG,2020-05-17,0,0,0,0,1,4,24,29
KEPULAUAN BANGKA BELITUNG,2020-05-18,0,0,0,0,1,4,24,29
KEPULAUAN BANGKA BELITUNG,2020-05-19,0,0,0,0,1,4,24,29
KEPULAUAN BANGKA BELITUNG,2020-05-20,0,5,1,6,1,9,25,35
KEPULAUAN BANGKA BELITUNG,2020-05-21,0,0,1,1,1,9,26,36
KEPULAUAN BANGKA BELITUNG,2020-05-22,0,0,0,0,1,9,26,36
KEPULAUAN BANGKA BELITUNG,2020-05-23,0,2,1,3,1,11,27,39
KEPULAUAN BANGKA BELITUNG,2020-05-24,0,0,0,0,1,11,27,39
KEPULAUAN BANGKA BELITUNG,2020-05-25,0,0,0,0,1,11,27,39
KEPULAUAN BANGKA BELITUNG,2020-05-26,0,0,0,0,1,11,27,39
KEPULAUAN BANGKA BELITUNG,2020-05-27,0,3,0,3,1,14,27,42
KEPULAUAN BANGKA BELITUNG,2020-05-28,0,0,0,0,1,14,27,42
KEPULAUAN BANGKA BELITUNG,2020-05-29,0,0,0,0,1,14,27,42
KEPULAUAN BANGKA BELITUNG,2020-05-30,0,3,0,3,1,17,27,45
KEPULAUAN BANGKA BELITUNG,2020-05-31,0,0,1,1,1,17,28,46
KEPULAUAN BANGKA BELITUNG,2020-06-01,0,0,0,0,1,17,28,46
KEPULAUAN BANGKA BELITUNG,2020-06-02,0,3,1,4,1,20,29,50
KEPULAUAN BANGKA BELITUNG,2020-06-03,0,9,3,12,1,29,32,62
KEPULAUAN BANGKA BELITUNG,2020-06-04,0,8,2,10,1,37,34,72
KEPULAUAN BANGKA BELITUNG,2020-06-05,0,9,0,9,1,46,34,81
KEPULAUAN BANGKA BELITUNG,2020-06-06,0,16,1,17,1,62,35,98
KEPULAUAN BANGKA BELITUNG,2020-06-07,0,4,0,4,1,66,35,102
ACEH,2020-03-26,0,1,0,1,0,1,0,1
ACEH,2020-03-27,0,3,0,3,0,4,0,4
ACEH,2020-03-28,0,1,0,1,0,5,0,5
ACEH,2020-03-29,0,0,0,0,0,5,0,5
ACEH,2020-03-30,0,0,0,0,0,5,0,5
ACEH,2020-03-31,0,0,0,0,0,5,0,5
ACEH,2020-04-01,0,0,0,0,0,5,0,5
ACEH,2020-04-02,0,0,0,0,0,5,0,5
ACEH,2020-04-03,0,0,0,0,0,5,0,5
ACEH,2020-04-04,0,0,0,0,0,5,0,5
ACEH,2020-04-05,0,0,0,0,0,5,0,5
ACEH,2020-04-06,0,0,0,0,0,5,0,5
ACEH,2020-04-07,0,0,0,0,0,5,0,5
ACEH,2020-04-08,0,0,0,0,0,5,0,5
ACEH,2020-04-09,0,-1,1,0,0,4,1,5
ACEH,2020-04-10,0,0,0,0,0,4,1,5
ACEH,2020-04-11,0,0,0,0,0,4,1,5
ACEH,2020-04-12,0,0,0,0,0,4,1,5
ACEH,2020-04-13,0,-2,2,0,0,2,3,5
ACEH,2020-04-14,0,0,0,0,0,2,3,5
ACEH,2020-04-15,0,0,0,0,0,2,3,5
ACEH,2020-04-16,0,0,0,0,0,2,3,5
ACEH,2020-04-17,0,0,0,0,0,2,3,5
ACEH,2020-04-18,0,1,0,1,0,3,3,6
ACEH,2020-04-19,0,1,0,1,0,4,3,7
ACEH,2020-04-20,0,0,0,0,0,4,3,7
ACEH,2020-04-21,0,0,0,0,0,4,3,7
ACEH,2020-04-22,0,0,0,0,0,4,3,7
ACEH,2020-04-23,1,-1,0,0,1,3,3,7
ACEH,2020-04-24,0,1,0,1,1,4,3,8
ACEH,2020-04-25,0,1,0,1,1,5,3,9
ACEH,2020-04-26,0,0,0,0,1,5,3,9
ACEH,2020-04-27,0,-1,1,0,1,4,4,9
ACEH,2020-04-28,0,-1,1,0,1,3,5,9
ACEH,2020-04-29,0,-1,1,0,1,2,6,9
ACEH,2020-04-30,0,1,0,1,1,3,6,10
ACEH,2020-05-01,0,1,0,1,1,4,6,11
ACEH,2020-05-02,0,0,0,0,1,4,6,11
ACEH,2020-05-03,0,-1,2,1,1,3,8,12
ACEH,2020-05-04,0,0,0,0,1,3,8,12
ACEH,2020-05-05,0,0,0,0,1,3,8,12
ACEH,2020-05-06,0,5,0,5,1,8,8,17
ACEH,2020-05-07,0,0,0,0,1,8,8,17
ACEH,2020-05-08,0,-3,3,0,1,5,11,17
ACEH,2020-05-09,0,0,0,0,1,5,11,17
ACEH,2020-05-10,0,0,0,0,1,5,11,17
ACEH,2020-05-11,0,-1,1,0,1,4,12,17
ACEH,2020-05-12,0,0,0,0,1,4,12,17
ACEH,2020-05-13,0,-1,1,0,1,3,13,17
ACEH,2020-05-14,0,0,0,0,1,3,13,17
ACEH,2020-05-15,0,0,0,0,1,3,13,17
ACEH,2020-05-16,0,-1,2,1,1,2,15,18
ACEH,2020-05-17,0,0,0,0,1,2,15,18
ACEH,2020-05-18,0,0,0,0,1,2,15,18
ACEH,2020-05-19,0,0,0,0,1,2,15,18
ACEH,2020-05-20,0,0,0,0,1,2,15,18
ACEH,2020-05-21,0,0,0,0,1,2,15,18
ACEH,2020-05-22,0,0,1,1,1,2,16,19
ACEH,2020-05-23,0,-1,1,0,1,1,17,19
ACEH,2020-05-24,0,0,0,0,1,1,17,19
ACEH,2020-05-25,0,0,0,0,1,1,17,19
ACEH,2020-05-26,0,0,0,0,1,1,17,19
ACEH,2020-05-27,0,0,0,0,1,1,17,19
ACEH,2020-05-28,0,1,0,1,1,2,17,20
BENGKULU,2020-03-31,1,0,0,1,1,0,0,1
BENGKULU,2020-04-01,0,0,0,0,1,0,0,1
BENGKULU,2020-04-02,0,0,0,0,1,0,0,1
BENGKULU,2020-04-03,0,1,0,1,1,1,0,2
BENGKULU,2020-04-04,0,0,0,0,1,1,0,2
BENGKULU,2020-04-05,0,0,0,0,1,1,0,2
BENGKULU,2020-04-06,0,0,0,0,1,1,0,2
BENGKULU,2020-04-07,0,0,0,0,1,1,0,2
BENGKULU,2020-04-08,0,0,0,0,1,1,0,2
BENGKULU,2020-04-09,0,2,0,2,1,3,0,4
BENGKULU,2020-04-10,0,0,0,0,1,3,0,4
BENGKULU,2020-04-11,0,0,0,0,1,3,0,4
BENGKULU,2020-04-12,0,0,0,0,1,3,0,4
BENGKULU,2020-04-13,0,0,0,0,1,3,0,4
BENGKULU,2020-04-14,0,0,0,0,1,3,0,4
BENGKULU,2020-04-15,0,0,0,0,1,3,0,4
BENGKULU,2020-04-16,0,0,0,0,1,3,0,4
BENGKULU,2020-04-17,0,0,0,0,1,3,0,4
BENGKULU,2020-04-18,0,-1,1,0,1,2,1,4
BENGKULU,2020-04-19,0,0,0,0,1,2,1,4
BENGKULU,2020-04-20,0,0,0,0,1,2,1,4
BENGKULU,2020-04-21,0,4,0,4,1,6,1,8
BENGKULU,2020-04-22,0,0,0,0,1,6,1,8
BENGKULU,2020-04-23,0,0,0,0,1,6,1,8
BENGKULU,2020-04-24,0,0,0,0,1,6,1,8
BENGKULU,2020-04-25,0,0,0,0,1,6,1,8
BENGKULU,2020-04-26,0,0,0,0,1,6,1,8
BENGKULU,2020-04-27,0,0,0,0,1,6,1,8
BENGKULU,2020-04-28,1,-1,0,0,2,5,1,8
BENGKULU,2020-04-29,0,4,0,4,2,9,1,12
BENGKULU,2020-04-30,0,0,0,0,2,9,1,12
BENGKULU,2020-05-01,0,0,0,0,2,9,1,12
BENGKULU,2020-05-02,0,0,0,0,2,9,1,12
BENGKULU,2020-05-03,0,0,0,0,2,9,1,12
BENGKULU,2020-05-04,0,0,0,0,2,9,1,12
BENGKULU,2020-05-05,0,0,0,0,2,9,1,12
BENGKULU,2020-05-06,0,2,0,2,2,11,1,14
BENGKULU,2020-05-07,0,0,0,0,2,11,1,14
BENGKULU,2020-05-08,0,0,0,0,2,11,1,14
BENGKULU,2020-05-09,0,23,0,23,2,34,1,37
BENGKULU,2020-05-10,0,0,0,0,2,34,1,37
BENGKULU,2020-05-11,0,0,0,0,2,34,1,37
BENGKULU,2020-05-12,0,3,0,3,2,37,1,40
BENGKULU,2020-05-13,0,0,0,0,2,37,1,40
BENGKULU,2020-05-14,0,2,0,2,2,39,1,42
BENGKULU,2020-05-15,0,11,0,11,2,50,1,53
BENGKULU,2020-05-16,0,3,0,3,2,53,1,56
BENGKULU,2020-05-17,0,9,0,9,2,62,1,65
BENGKULU,2020-05-18,0,1,0,1,2,63,1,66
BENGKULU,2020-05-19,0,1,0,1,2,64,1,67
BENGKULU,2020-05-20,0,-6,6,0,2,58,7,67
BENGKULU,2020-05-21,0,0,2,2,2,58,9,69
BENGKULU,2020-05-22,0,0,0,0,2,58,9,69
BENGKULU,2020-05-23,0,0,0,0,2,58,9,69
BENGKULU,2020-05-24,0,0,0,0,2,58,9,69
BENGKULU,2020-05-25,0,0,0,0,2,58,9,69
BENGKULU,2020-05-26,1,-3,2,0,3,55,11,69
BENGKULU,2020-05-27,0,-8,8,0,3,47,19,69
BENGKULU,2020-05-28,0,1,1,2,3,48,20,71
BENGKULU,2020-05-29,0,-1,2,1,3,47,22,72
BENGKULU,2020-05-30,0,14,0,14,3,61,22,86
BENGKULU,2020-05-31,0,5,0,5,3,66,22,91
BENGKULU,2020-06-01,0,-3,3,0,3,63,25,91
BENGKULU,2020-06-02,0,1,0,1,3,64,25,92
NUSA TENGGARA TIMUR,2020-04-09,0,1,0,1,0,1,0,1
NUSA TENGGARA TIMUR,2020-04-10,0,0,0,0,0,1,0,1
NUSA TENGGARA TIMUR,2020-04-11,0,0,0,0,0,1,0,1
NUSA TENGGARA TIMUR,2020-04-12,0,0,0,0,0,1,0,1
NUSA TENGGARA TIMUR,2020-04-13,0,0,0,0,0,1,0,1
NUSA TENGGARA TIMUR,2020-04-14,0,0,0,0,0,1,0,1
NUSA TENGGARA TIMUR,2020-04-15,0,0,0,0,0,1,0,1
NUSA TENGGARA TIMUR,2020-04-16,0,0,0,0,0,1,0,1
NUSA TENGGARA TIMUR,2020-04-17,0,0,0,0,0,1,0,1
NUSA TENGGARA TIMUR,2020-04-18,0,0,0,0,0,1,0,1
NUSA TENGGARA TIMUR,2020-04-19,0,0,0,0,0,1,0,1
NUSA TENGGARA TIMUR,2020-04-20,0,0,0,0,0,1,0,1
NUSA TENGGARA TIMUR,2020-04-21,0,0,0,0,0,1,0,1
NUSA TENGGARA TIMUR,2020-04-22,0,0,0,0,0,1,0,1
NUSA TENGGARA TIMUR,2020-04-23,0,0,0,0,0,1,0,1
NUSA TENGGARA TIMUR,2020-04-24,0,-1,1,0,0,0,1,1
NUSA TENGGARA TIMUR,2020-04-25,0,0,0,0,0,0,1,1
NUSA TENGGARA TIMUR,2020-04-26,0,0,0,0,0,0,1,1
NUSA TENGGARA TIMUR,2020-04-27,0,0,0,0,0,0,1,1
NUSA TENGGARA TIMUR,2020-04-28,0,0,0,0,0,0,1,1
NUSA TENGGARA TIMUR,2020-04-29,0,0,0,0,0,0,1,1
NUSA TENGGARA TIMUR,2020-04-30,0,2,0,2,0,2,1,3
NUSA TENGGARA TIMUR,2020-05-01,0,0,0,0,0,2,1,3
NUSA TENGGARA TIMUR,2020-05-02,0,0,0,0,0,2,1,3
NUSA TENGGARA TIMUR,2020-05-03,0,7,0,7,0,9,1,10
NUSA TENGGARA TIMUR,2020-05-04,0,0,0,0,0,9,1,10
NUSA TENGGARA TIMUR,2020-05-05,0,2,0,2,0,11,1,12
NUSA TENGGARA TIMUR,2020-05-06,0,0,0,0,0,11,1,12
NUSA TENGGARA TIMUR,2020-05-07,0,0,0,0,0,11,1,12
NUSA TENGGARA TIMUR,2020-05-08,0,0,0,0,0,11,1,12
NUSA TENGGARA TIMUR,2020-05-09,0,0,0,0,0,11,1,12
NUSA TENGGARA TIMUR,2020-05-10,0,0,0,0,0,11,1,12
NUSA TENGGARA TIMUR,2020-05-11,0,0,0,0,0,11,1,12
NUSA TENGGARA TIMUR,2020-05-12,0,1,0,1,0,12,1,13
NUSA TENGGARA TIMUR,2020-05-13,0,6,0,6,0,18,1,19
NUSA TENGGARA TIMUR,2020-05-14,1,-1,0,0,1,17,1,19
NUSA TENGGARA TIMUR,2020-05-15,0,0,0,0,1,17,1,19
NUSA TENGGARA TIMUR,2020-05-16,0,27,1,28,1,44,2,47
NUSA TENGGARA TIMUR,2020-05-17,0,8,4,12,1,52,6,59
NUSA TENGGARA TIMUR,2020-05-18,0,9,0,9,1,61,6,68
NUSA TENGGARA TIMUR,2020-05-19,0,3,0,3,1,64,6,71
NUSA TENGGARA TIMUR,2020-05-20,0,5,0,5,1,69,6,76
NUSA TENGGARA TIMUR,2020-05-21,0,3,0,3,1,72,6,79
NUSA TENGGARA TIMUR,2020-05-22,0,0,0,0,1,72,6,79
NUSA TENGGARA TIMUR,2020-05-23,0,0,0,0,1,72,6,79
NUSA TENGGARA TIMUR,2020-05-24,0,0,0,0,1,72,6,79
NUSA TENGGARA TIMUR,2020-05-25,0,3,0,3,1,75,6,82
NUSA TENGGARA TIMUR,2020-05-26,0,2,1,3,1,77,7,85
NUSA TENGGARA TIMUR,2020-05-27,0,-2,2,0,1,75,9,85
NUSA TENGGARA TIMUR,2020-05-28,0,0,0,0,1,75,9,85
NUSA TENGGARA TIMUR,2020-05-29,0,2,3,5,1,77,12,90
NUSA TENGGARA TIMUR,2020-05-30,0,1,0,1,1,78,12,91
NUSA TENGGARA TIMUR,2020-05-31,0,-1,2,1,1,77,14,92
NUSA TENGGARA TIMUR,2020-06-01,0,5,0,5,1,82,14,97
