date,total_confirmed,confirmed,total_recover,recover,total_death,death,total_active,active
2020-03-01,0,0,0,0,0,0,0,0
2020-03-02,0,0,0,0,0,0,0,0
2020-03-03,0,0,0,0,0,0,0,0
2020-03-04,0,0,0,0,0,0,0,0
2020-03-05,0,0,0,0,0,0,0,0
2020-03-06,0,0,0,0,0,0,0,0
2020-03-07,0,0,0,0,0,0,0,0
2020-03-08,0,0,0,0,0,0,0,0
2020-03-09,0,0,0,0,0,0,0,0
2020-03-10,0,0,0,0,0,0,0,0
2020-03-11,0,0,0,0,0,0,0,0
2020-03-12,0,0,0,0,0,0,0,0
2020-03-13,0,0,0,0,0,0,0,0
2020-03-14,0,0,0,0,0,0,0,0
2020-03-15,0,0,0,0,0,0,0,0
2020-03-16,0,0,0,0,0,0,0,0
2020-03-17,0,0,0,0,0,0,0,0
2020-03-18,1,1,0,0,1,1,0,0
2020-03-19,2,1,0,0,1,0,1,1
2020-03-20,4,2,0,0,1,0,3,2
2020-03-21,5,1,0,0,2,1,3,0
2020-03-22,5,0,0,0,2,0,3,0
2020-03-23,8,3,0,0,2,0,6,3
2020-03-24,9,1,0,0,3,1,6,0
2020-03-25,27,18,0,0,4,1,23,17
2020-03-26,29,2,1,1,4,0,24,1
2020-03-27,33,4,1,0,4,0,28,4
2020-03-28,45,12,3,2,5,1,37,9
2020-03-29,52,7,3,0,7,2,42,5
2020-03-30,66,14,3,0,8,1,55,13
2020-03-31,78,12,3,0,10,2,65,10
2020-04-01,86,8,18,15,17,7,51,-14
2020-04-02,86,0,19,1,19,2,48,-3
2020-04-03,99,13,23,4,20,1,56,8
2020-04-04,107,8,26,3,21,1,60,4
2020-04-05,107,0,26,0,21,0,60,0
2020-04-06,119,12,27,1,25,4,67,7
2020-04-07,120,1,27,0,25,0,68,1
2020-04-08,127,7,29,2,27,2,71,3
2020-04-09,131,4,32,3,28,1,71,0
2020-04-10,131,0,32,0,28,0,71,0
2020-04-11,131,0,32,0,29,1,70,-1
2020-04-12,187,56,33,1,29,0,125,55
2020-04-13,190,3,33,0,30,1,127,2
2020-04-14,265,75,34,1,31,1,200,73
2020-04-15,278,13,35,1,33,2,210,10
2020-04-16,286,8,37,2,34,1,215,5
2020-04-17,291,5,53,16,38,4,200,-15
2020-04-18,315,24,58,5,38,0,219,19
2020-04-19,336,21,58,0,39,1,239,20
2020-04-20,339,3,60,2,40,1,239,0
2020-04-21,438,99,61,1,41,1,336,97
2020-04-22,468,30,68,7,42,1,358,22
2020-04-23,527,59,72,4,43,1,412,54
2020-04-24,564,37,73,1,46,3,445,33
2020-04-25,610,46,81,8,47,1,482,37
2020-04-26,638,28,81,0,47,0,510,28
2020-04-27,655,17,91,10,48,1,516,6
2020-04-28,671,16,104,13,48,0,519,3
2020-04-29,700,29,108,4,50,2,542,23
2020-04-30,715,15,113,5,51,1,551,9
2020-05-01,737,22,119,6,52,1,566,15
2020-05-02,756,19,126,7,52,0,578,12
2020-05-03,765,9,134,8,53,1,578,0
2020-05-04,787,22,140,6,53,0,594,16
2020-05-05,836,49,155,15,53,0,628,34
2020-05-06,880,44,180,25,54,1,646,18
2020-05-07,893,13,193,13,55,1,645,-1
2020-05-08,921,28,223,30,55,0,643,-2
2020-05-09,947,26,234,11,57,2,656,13
2020-05-10,966,19,234,0,58,1,674,18
2020-05-11,968,2,237,3,58,0,673,-1
2020-05-12,977,9,237,0,59,1,681,8
2020-05-13,1009,32,238,1,59,0,712,31
2020-05-14,1055,46,239,1,59,0,757,45
2020-05-15,1098,43,244,5,59,0,795,38
2020-05-16,1129,31,244,0,59,0,826,31
2020-05-17,1146,17,244,0,59,0,843,17
2020-05-18,1154,8,249,5,59,0,846,3
2020-05-19,1164,10,249,0,59,0,856,10
2020-05-20,1181,17,250,1,59,0,872,16
2020-05-21,1206,25,252,2,59,0,895,23
2020-05-22,1223,17,252,0,59,0,912,17
2020-05-23,1277,54,252,0,59,0,966,54
2020-05-24,1298,21,256,4,59,0,983,17
2020-05-25,1300,2,257,1,59,0,984,1
2020-05-26,1304,4,272,15,59,0,973,-11
2020-05-27,1315,11,272,0,59,0,984,11
2020-05-28,1325,10,272,0,59,0,994,10
2020-05-29,1339,14,331,59,59,0,949,-45
2020-05-30,1355,16,351,20,59,0,945,-4
2020-05-31,1392,37,357,6,59,0,976,31
2020-06-01,1406,14,366,9,60,1,980,4
2020-06-02,1421,15,367,1,60,0,994,14
2020-06-03,1443,22,368,1,61,1,1014,20
2020-06-04,1467,24,372,4,61,0,1034,20
2020-06-05,1525,58,408,36,67,6,1050,16
2020-06-06,1552,27,413,5,67,0,1072,22
2020-06-07,1603,51,423,10,89,22,1091,19
2020-06-08,1630,27,457,34,89,0,1084,-7
2020-06-09,1662,32,539,82,94,5,1029,-55
2020-06-10,1801,139,656,117,94,0,1051,22
2020-06-11,1820,19,661,5,94,0,1065,14
2020-06-12,1864,44,708,47,94,0,1062,-3
2020-06-13,1934,70,736,28,94,0,1104,42
2020-06-14,2047,113,761,25,95,1,1191,87
2020-06-15,2163,116,801,40,112,17,1250,59
2020-06-16,2219,56,820,19,112,0,1287,37
2020-06-17,2334,115,883,63,112,0,1339,52
2020-06-18,2379,45,904,21,121,9,1354,15
2020-06-19,2459,80,924,20,134,13,1401,47
2020-06-20,2557,98,948,24,134,0,1475,74
2020-06-21,2656,99,976,28,134,0,1546,71
2020-06-22,2705,49,1002,26,135,1,1568,22
2020-06-23,2754,49,1046,44,139,4,1569,1
2020-06-24,2830,76,1058,12,141,2,1631,62
2020-06-25,2908,78,1058,0,141,0,1709,78
2020-06-26,3086,178,1058,0,141,0,1887,178
2020-06-27,3283,197,1076,18,141,0,2066,179
2020-06-28,3471,188,1087,11,141,0,2243,177
2020-06-29,3669,198,1145,58,141,0,2383,140
2020-06-30,3822,153,1290,145,161,20,2371,-12
2020-07-01,3995,173,1385,95,162,1,2448,77
2020-07-02,4148,153,1389,4,162,0,2597,149
2020-07-03,4282,134,1477,88,177,15,2628,31
2020-07-04,4392,110,1583,106,196,19,2613,-15
2020-07-05,4600,208,1602,19,211,15,2787,174
2020-07-06,4727,127,1663,61,228,17,2836,49
2020-07-07,4867,140,1730,67,230,2,2907,71
2020-07-08,5072,205,1816,86,243,13,3013,106
2020-07-09,5192,120,1829,13,244,1,3119,106
2020-07-10,5292,100,2001,172,263,19,3028,-91
2020-07-11,5392,100,2003,2,265,2,3124,96
2020-07-12,5462,70,2012,9,275,10,3175,51
2020-07-13,5562,100,2023,11,281,6,3258,83
2020-07-14,5642,80,2028,5,284,3,3330,72
2020-07-15,5903,261,2107,79,290,6,3506,176
2020-07-16,6117,214,2324,217,295,5,3498,-8
2020-07-17,6355,238,2504,180,295,0,3556,58
2020-07-18,6615,260,2766,262,295,0,3554,-2
2020-07-19,6913,298,3170,404,321,26,3422,-132
2020-07-20,7263,350,3458,288,357,36,3448,26
2020-07-21,7382,119,3596,138,372,15,3414,-34
2020-07-22,7698,316,3728,132,437,65,3533,119
2020-07-23,7992,294,3829,101,496,59,3667,134
2020-07-24,8116,124,3927,98,536,40,3653,-14
2020-07-25,8307,191,4035,108,544,8,3728,75
2020-07-26,8401,94,4178,143,557,13,3666,-62
2020-07-27,8611,210,4334,156,558,1,3719,53
2020-07-28,8796,185,4644,310,570,12,3582,-137
2020-07-29,9109,313,4755,111,588,18,3766,184
2020-07-30,0,0,0,0,0,0,0,0
