date,total_confirmed,confirmed,total_recover,recover,total_death,death,total_active,active
2020-03-01,0,0,0,0,0,0,0,0
2020-03-02,0,0,0,0,0,0,0,0
2020-03-03,0,0,0,0,0,0,0,0
2020-03-04,0,0,0,0,0,0,0,0
2020-03-05,0,0,0,0,0,0,0,0
2020-03-06,0,0,0,0,0,0,0,0
2020-03-07,0,0,0,0,0,0,0,0
2020-03-08,0,0,0,0,0,0,0,0
2020-03-09,0,0,0,0,0,0,0,0
2020-03-10,0,0,0,0,0,0,0,0
2020-03-11,0,0,0,0,0,0,0,0
2020-03-12,0,0,0,0,0,0,0,0
2020-03-13,0,0,0,0,0,0,0,0
2020-03-14,0,0,0,0,0,0,0,0
2020-03-15,0,0,0,0,0,0,0,0
2020-03-16,0,0,0,0,0,0,0,0
2020-03-17,0,0,0,0,0,0,0,0
2020-03-18,0,0,0,0,0,0,0,0
2020-03-19,0,0,0,0,0,0,0,0
2020-03-20,0,0,0,0,0,0,0,0
2020-03-21,0,0,0,0,0,0,0,0
2020-03-22,0,0,0,0,0,0,0,0
2020-03-23,1,1,0,0,0,0,1,1
2020-03-24,1,0,0,0,0,0,1,0
2020-03-25,1,0,0,0,0,0,1,0
2020-03-26,1,0,0,0,0,0,1,0
2020-03-27,1,0,0,0,0,0,1,0
2020-03-28,1,0,0,0,0,0,1,0
2020-03-29,1,0,0,0,0,0,1,0
2020-03-30,1,0,0,0,0,0,1,0
2020-03-31,1,0,0,0,0,0,1,0
2020-04-01,1,0,0,0,0,0,1,0
2020-04-02,1,0,0,0,0,0,1,0
2020-04-03,1,0,0,0,0,0,1,0
2020-04-04,1,0,0,0,0,0,1,0
2020-04-05,1,0,0,0,0,0,1,0
2020-04-06,1,0,0,0,0,0,1,0
2020-04-07,1,0,0,0,0,0,1,0
2020-04-08,2,1,0,0,0,0,2,1
2020-04-09,2,0,1,1,0,0,1,-1
2020-04-10,2,0,1,0,0,0,1,0
2020-04-11,2,0,1,0,0,0,1,0
2020-04-12,2,0,1,0,0,0,1,0
2020-04-13,2,0,1,0,0,0,1,0
2020-04-14,2,0,1,0,0,0,1,0
2020-04-15,4,2,2,1,0,0,2,1
2020-04-16,4,0,2,0,0,0,2,0
2020-04-17,4,0,2,0,0,0,2,0
2020-04-18,4,0,2,0,0,0,2,0
2020-04-19,4,0,2,0,0,0,2,0
2020-04-20,4,0,2,0,0,0,2,0
2020-04-21,4,0,2,0,0,0,2,0
2020-04-22,12,8,2,0,0,0,10,8
2020-04-23,14,2,2,0,0,0,12,2
2020-04-24,14,0,2,0,0,0,12,0
2020-04-25,14,0,3,1,0,0,11,-1
2020-04-26,26,12,3,0,0,0,23,12
2020-04-27,26,0,3,0,0,0,23,0
2020-04-28,26,0,4,1,0,0,22,-1
2020-04-29,26,0,4,0,0,0,22,0
2020-04-30,40,14,4,0,0,0,36,14
2020-05-01,41,1,4,0,0,0,37,1
2020-05-02,41,0,4,0,0,0,37,0
2020-05-03,50,9,6,2,0,0,44,7
2020-05-04,50,0,6,0,0,0,44,0
2020-05-05,50,0,6,0,0,0,44,0
2020-05-06,50,0,6,0,0,0,44,0
2020-05-07,50,0,6,0,0,0,44,0
2020-05-08,50,0,9,3,0,0,41,-3
2020-05-09,54,4,9,0,0,0,45,4
2020-05-10,54,0,9,0,0,0,45,0
2020-05-11,54,0,9,0,0,0,45,0
2020-05-12,54,0,9,0,0,0,45,0
2020-05-13,77,23,9,0,2,2,66,21
2020-05-14,81,4,12,3,2,0,67,1
2020-05-15,85,4,13,1,3,1,69,2
2020-05-16,88,3,13,0,3,0,72,3
2020-05-17,92,4,13,0,3,0,76,4
2020-05-18,93,1,13,0,3,0,77,1
2020-05-19,95,2,13,0,3,0,79,2
2020-05-20,96,1,13,0,3,0,80,1
2020-05-21,97,1,13,0,3,0,81,1
2020-05-22,99,2,13,0,3,0,83,2
2020-05-23,99,0,13,0,3,0,83,0
2020-05-24,100,1,13,0,4,1,83,0
2020-05-25,107,7,13,0,4,0,90,7
2020-05-26,118,11,17,4,5,1,96,6
2020-05-27,119,1,21,4,5,0,93,-3
2020-05-28,128,9,21,0,6,1,101,8
2020-05-29,139,11,21,0,6,0,112,11
2020-05-30,146,7,27,6,6,0,113,1
2020-05-31,153,7,27,0,9,3,117,4
2020-06-01,160,7,29,2,12,3,119,2
2020-06-02,174,14,29,0,13,1,132,13
2020-06-03,176,2,30,1,14,1,132,0
2020-06-04,177,1,30,0,16,2,131,-1
2020-06-05,178,1,30,0,16,0,132,1
2020-06-06,185,7,33,3,16,0,136,4
2020-06-07,186,1,33,0,16,0,137,1
2020-06-08,186,0,33,0,16,0,137,0
2020-06-09,214,28,33,0,16,0,165,28
2020-06-10,227,13,37,4,16,0,174,9
2020-06-11,262,35,39,2,21,5,202,28
2020-06-12,284,22,40,1,21,0,223,21
2020-06-13,301,17,40,0,21,0,240,17
2020-06-14,309,8,48,8,21,0,240,0
2020-06-15,311,2,48,0,21,0,242,2
2020-06-16,314,3,48,0,21,0,245,3
2020-06-17,321,7,48,0,21,0,252,7
2020-06-18,342,21,49,1,21,0,272,20
2020-06-19,382,40,51,2,22,1,309,37
2020-06-20,399,17,56,5,22,0,321,12
2020-06-21,410,11,56,0,22,0,332,11
2020-06-22,430,20,70,14,24,2,336,4
2020-06-23,463,33,82,12,25,1,356,20
2020-06-24,559,96,88,6,25,0,446,90
2020-06-25,636,77,89,1,28,3,519,73
2020-06-26,670,34,97,8,30,2,543,24
2020-06-27,707,37,99,2,30,0,578,35
2020-06-28,718,11,103,4,30,0,585,7
2020-06-29,718,0,103,0,30,0,585,0
2020-06-30,727,9,105,2,30,0,592,7
2020-07-01,867,140,112,7,30,0,725,133
2020-07-02,935,68,117,5,30,0,788,63
2020-07-03,945,10,119,2,31,1,795,7
2020-07-04,948,3,123,4,31,0,794,-1
2020-07-05,948,0,123,0,31,0,794,0
2020-07-06,948,0,123,0,31,0,794,0
2020-07-07,962,14,124,1,31,0,807,13
2020-07-08,1032,70,128,4,31,0,873,66
2020-07-09,1095,63,130,2,33,2,932,59
2020-07-10,1119,24,131,1,33,0,955,23
2020-07-11,1142,23,131,0,33,0,978,23
2020-07-12,1150,8,132,1,37,4,981,3
2020-07-13,1163,13,136,4,38,1,989,8
2020-07-14,1165,2,140,4,38,0,987,-2
2020-07-15,1204,39,143,3,38,0,1023,36
2020-07-16,1231,27,147,4,38,0,1046,23
2020-07-17,1242,11,152,5,38,0,1052,6
2020-07-18,1275,33,175,23,38,0,1062,10
2020-07-19,1283,8,185,10,38,0,1060,-2
2020-07-20,1286,3,190,5,38,0,1058,-2
2020-07-21,1328,42,196,6,38,0,1094,36
2020-07-22,1336,8,204,8,40,2,1092,-2
2020-07-23,1345,9,241,37,40,0,1064,-28
2020-07-24,1372,27,259,18,41,1,1072,8
2020-07-25,1409,37,264,5,43,2,1102,30
2020-07-26,1441,32,268,4,44,1,1129,27
2020-07-27,1455,14,289,21,45,1,1121,-8
2020-07-28,1493,38,306,17,45,0,1142,21
2020-07-29,1524,31,328,22,46,1,1150,8
2020-07-30,0,0,0,0,0,0,0,0
