date,total_confirmed,confirmed,total_recover,recover,total_death,death,total_active,active
2020-03-01,0,0,0,0,0,0,0,0
2020-03-02,0,0,0,0,0,0,0,0
2020-03-03,0,0,0,0,0,0,0,0
2020-03-04,0,0,0,0,0,0,0,0
2020-03-05,0,0,0,0,0,0,0,0
2020-03-06,0,0,0,0,0,0,0,0
2020-03-07,0,0,0,0,0,0,0,0
2020-03-08,0,0,0,0,0,0,0,0
2020-03-09,0,0,0,0,0,0,0,0
2020-03-10,0,0,0,0,0,0,0,0
2020-03-11,0,0,0,0,0,0,0,0
2020-03-12,0,0,0,0,0,0,0,0
2020-03-13,0,0,0,0,0,0,0,0
2020-03-14,0,0,0,0,0,0,0,0
2020-03-15,0,0,0,0,0,0,0,0
2020-03-16,0,0,0,0,0,0,0,0
2020-03-17,0,0,0,0,0,0,0,0
2020-03-18,0,0,0,0,0,0,0,0
2020-03-19,1,1,0,0,0,0,1,1
2020-03-20,1,0,0,0,0,0,1,0
2020-03-21,1,0,0,0,0,0,1,0
2020-03-22,1,0,0,0,0,0,1,0
2020-03-23,1,0,0,0,1,1,0,-1
2020-03-24,3,2,0,0,1,0,2,2
2020-03-25,12,9,0,0,1,0,11,9
2020-03-26,26,14,0,0,1,0,25,14
2020-03-27,28,2,0,0,1,0,27,2
2020-03-28,31,3,0,0,1,0,30,3
2020-03-29,46,15,0,0,1,0,45,15
2020-03-30,50,4,0,0,3,2,47,2
2020-03-31,50,0,0,0,4,1,46,-1
2020-04-01,64,14,0,0,4,0,60,14
2020-04-02,64,0,4,4,6,2,54,-6
2020-04-03,79,15,4,0,6,0,69,15
2020-04-04,79,0,9,5,8,2,62,-7
2020-04-05,81,2,20,11,10,2,51,-11
2020-04-06,110,29,20,0,10,0,80,29
2020-04-07,120,10,22,2,10,0,88,8
2020-04-08,125,5,24,2,11,1,90,2
2020-04-09,131,6,24,0,11,0,96,6
2020-04-10,164,33,24,0,12,1,128,32
2020-04-11,175,11,24,0,18,6,133,5
2020-04-12,220,45,24,0,18,0,178,45
2020-04-13,220,0,30,6,19,1,171,-7
2020-04-14,228,8,34,4,22,3,172,1
2020-04-15,238,10,43,9,23,1,172,0
2020-04-16,265,27,43,0,25,2,197,25
2020-04-17,330,65,45,2,27,2,258,61
2020-04-18,340,10,50,5,29,2,261,3
2020-04-19,367,27,60,10,30,1,277,16
2020-04-20,367,0,69,9,31,1,267,-10
2020-04-21,373,6,69,0,33,2,271,4
2020-04-22,386,13,74,5,33,0,279,8
2020-04-23,396,10,79,5,33,0,284,5
2020-04-24,418,22,80,1,33,0,305,21
2020-04-25,431,13,81,1,34,1,316,11
2020-04-26,439,8,99,18,35,1,305,-11
2020-04-27,439,0,106,7,35,0,298,-7
2020-04-28,452,13,108,2,35,0,309,11
2020-04-29,464,12,118,10,35,0,311,2
2020-04-30,490,26,122,4,35,0,333,22
2020-05-01,546,56,135,13,35,0,376,43
2020-05-02,576,30,145,10,39,4,392,16
2020-05-03,600,24,151,6,39,0,410,18
2020-05-04,606,6,199,48,39,0,368,-42
2020-05-05,639,33,226,27,41,2,372,4
2020-05-06,664,25,233,7,44,3,387,15
2020-05-07,683,19,236,3,45,1,402,15
2020-05-08,707,24,249,13,47,2,411,9
2020-05-09,709,2,258,9,47,0,404,-7
2020-05-10,721,12,264,6,49,2,408,4
2020-05-11,721,0,275,11,50,1,396,-12
2020-05-12,747,26,282,7,50,0,415,19
2020-05-13,801,54,287,5,50,0,464,49
2020-05-14,837,36,292,5,50,0,495,31
2020-05-15,870,33,292,0,50,0,528,33
2020-05-16,916,46,311,19,51,1,554,26
2020-05-17,950,34,318,7,51,0,581,27
2020-05-18,1016,66,336,18,54,3,626,45
2020-05-19,1063,47,357,21,54,0,652,26
2020-05-20,1099,36,366,9,55,1,678,26
2020-05-21,1132,33,397,31,58,3,677,-1
2020-05-22,1203,71,416,19,60,2,727,50
2020-05-23,1260,57,422,6,60,0,778,51
2020-05-24,1292,32,455,33,62,2,775,-3
2020-05-25,1314,22,461,6,65,3,788,13
2020-05-26,1348,34,498,37,67,2,783,-5
2020-05-27,1376,28,517,19,67,0,792,9
2020-05-28,1422,46,519,2,67,0,836,44
2020-05-29,1463,41,531,12,70,3,862,26
2020-05-30,1503,40,562,31,71,1,870,8
2020-05-31,1535,32,594,32,73,2,868,-2
2020-06-01,1580,45,624,30,74,1,882,14
2020-06-02,1623,43,624,0,74,0,925,43
2020-06-03,1660,37,635,11,74,0,951,26
2020-06-04,1714,54,638,3,78,4,998,47
2020-06-05,1767,53,672,34,92,14,1003,5
2020-06-06,1832,65,672,0,92,0,1068,65
2020-06-07,1896,64,672,0,92,0,1132,64
2020-06-08,2005,109,672,0,92,0,1241,109
2020-06-09,2181,176,702,30,95,3,1384,143
2020-06-10,2365,184,755,53,96,1,1514,130
2020-06-11,2497,132,755,0,96,0,1646,132
2020-06-12,2558,61,828,73,108,12,1622,-24
2020-06-13,2684,126,864,36,108,0,1712,90
2020-06-14,2822,138,900,36,111,3,1811,99
2020-06-15,2925,103,1042,142,119,8,1764,-47
2020-06-16,3092,167,1085,43,119,0,1888,124
2020-06-17,3181,89,1101,16,119,0,1961,73
2020-06-18,3346,165,1124,23,119,0,2103,142
2020-06-19,3556,210,1167,43,119,0,2270,167
2020-06-20,3667,111,1242,75,134,15,2291,21
2020-06-21,3777,110,1280,38,134,0,2363,72
2020-06-22,3888,111,1318,38,141,7,2429,66
2020-06-23,4020,132,1360,42,142,1,2518,89
2020-06-24,4157,137,1399,39,148,6,2610,92
2020-06-25,4276,119,1454,55,149,1,2673,63
2020-06-26,4443,167,1609,155,152,3,2682,9
2020-06-27,4591,148,1649,40,155,3,2787,105
2020-06-28,4784,193,1711,62,158,3,2915,128
2020-06-29,4979,195,1762,51,159,1,3058,143
2020-06-30,5068,89,1831,69,163,4,3074,16
2020-07-01,5197,129,1883,52,163,0,3151,77
2020-07-02,5363,166,1934,51,163,0,3266,115
2020-07-03,5542,179,1974,40,170,7,3398,132
2020-07-04,5735,193,2013,39,170,0,3552,154
2020-07-05,5870,135,2106,93,194,24,3570,18
2020-07-06,5956,86,2188,82,195,1,3573,3
2020-07-07,6170,214,2233,45,197,2,3740,167
2020-07-08,6338,168,2248,15,200,3,3890,150
2020-07-09,6465,127,2434,186,206,6,3825,-65
2020-07-10,6595,130,2467,33,206,0,3922,97
2020-07-11,6776,181,2641,174,214,8,3921,-1
2020-07-12,6945,169,2748,107,220,6,3977,56
2020-07-13,7071,126,3003,255,223,3,3845,-132
2020-07-14,7268,197,3143,140,236,13,3889,44
2020-07-15,7419,151,3258,115,248,12,3913,24
2020-07-16,7599,180,3471,213,264,16,3864,-49
2020-07-17,7699,100,3586,115,267,3,3846,-18
2020-07-18,7868,169,3665,79,269,2,3934,88
2020-07-19,8024,156,4183,518,277,8,3564,-370
2020-07-20,8151,127,4462,279,280,3,3409,-155
2020-07-21,8246,95,4665,203,283,3,3298,-111
2020-07-22,8396,150,5020,355,286,3,3090,-208
2020-07-23,8516,120,5276,256,286,0,2954,-136
2020-07-24,8600,84,5840,564,289,3,2471,-483
2020-07-25,8737,137,6083,243,292,3,2362,-109
2020-07-26,8874,137,6083,0,301,9,2490,128
2020-07-27,8988,114,6091,8,306,5,2591,101
2020-07-28,9119,131,6348,257,310,4,2461,-130
2020-07-29,9248,129,6372,24,313,3,2563,102
2020-07-30,9345,97,6372,0,315,2,2658,95
2020-07-31,0,0,0,0,0,0,0,0
