date,total_confirmed,confirmed,total_recover,recover,total_death,death,total_active,active
2020-03-01,0,0,0,0,0,0,0,0
2020-03-02,0,0,0,0,0,0,0,0
2020-03-03,0,0,0,0,0,0,0,0
2020-03-04,0,0,0,0,0,0,0,0
2020-03-05,0,0,0,0,0,0,0,0
2020-03-06,0,0,0,0,0,0,0,0
2020-03-07,0,0,0,0,0,0,0,0
2020-03-08,0,0,0,0,0,0,0,0
2020-03-09,0,0,0,0,0,0,0,0
2020-03-10,0,0,0,0,0,0,0,0
2020-03-11,0,0,0,0,0,0,0,0
2020-03-12,0,0,0,0,0,0,0,0
2020-03-13,0,0,0,0,0,0,0,0
2020-03-14,0,0,0,0,0,0,0,0
2020-03-15,0,0,0,0,0,0,0,0
2020-03-16,0,0,0,0,0,0,0,0
2020-03-17,0,0,0,0,0,0,0,0
2020-03-18,0,0,0,0,0,0,0,0
2020-03-19,0,0,0,0,0,0,0,0
2020-03-20,0,0,0,0,0,0,0,0
2020-03-21,0,0,0,0,0,0,0,0
2020-03-22,0,0,0,0,0,0,0,0
2020-03-23,0,0,0,0,0,0,0,0
2020-03-24,0,0,0,0,0,0,0,0
2020-03-25,0,0,0,0,0,0,0,0
2020-03-26,3,3,0,0,0,0,3,3
2020-03-27,5,2,0,0,0,0,5,2
2020-03-28,5,0,0,0,0,0,5,0
2020-03-29,5,0,0,0,0,0,5,0
2020-03-30,8,3,0,0,0,0,8,3
2020-03-31,8,0,0,0,0,0,8,0
2020-04-01,8,0,0,0,0,0,8,0
2020-04-02,8,0,0,0,0,0,8,0
2020-04-03,8,0,0,0,0,0,8,0
2020-04-04,8,0,0,0,0,0,8,0
2020-04-05,8,0,0,0,0,0,8,0
2020-04-06,18,10,0,0,0,0,18,10
2020-04-07,18,0,0,0,0,0,18,0
2020-04-08,18,0,0,0,0,0,18,0
2020-04-09,18,0,0,0,0,0,18,0
2020-04-10,31,13,5,5,3,3,23,5
2020-04-11,31,0,5,0,3,0,23,0
2020-04-12,44,13,6,1,3,0,35,12
2020-04-13,45,1,6,0,3,0,36,1
2020-04-14,48,3,6,0,4,1,38,2
2020-04-15,55,7,7,1,4,0,44,6
2020-04-16,55,0,7,0,4,0,44,0
2020-04-17,62,7,10,3,6,2,46,2
2020-04-18,71,9,12,2,7,1,52,6
2020-04-19,72,1,12,0,7,0,53,1
2020-04-20,74,2,13,1,7,0,54,1
2020-04-21,76,2,13,0,8,1,55,1
2020-04-22,81,5,13,0,9,1,59,4
2020-04-23,86,5,16,3,9,0,61,2
2020-04-24,96,10,17,1,10,1,69,8
2020-04-25,97,1,21,4,11,1,65,-4
2020-04-26,102,5,21,0,11,0,70,5
2020-04-27,121,19,25,4,14,3,82,12
2020-04-28,144,23,25,0,14,0,105,23
2020-04-29,145,1,25,0,15,1,105,0
2020-04-30,148,3,26,1,15,0,107,2
2020-05-01,172,24,31,5,15,0,126,19
2020-05-02,182,10,31,0,16,1,135,9
2020-05-03,195,13,36,5,16,0,143,8
2020-05-04,203,8,38,2,16,0,149,6
2020-05-05,221,18,39,1,16,0,166,17
2020-05-06,238,17,39,0,17,1,182,16
2020-05-07,252,14,42,3,18,1,192,10
2020-05-08,270,18,49,7,18,0,203,11
2020-05-09,286,16,55,6,18,0,213,10
2020-05-10,299,13,57,2,18,0,224,11
2020-05-11,299,0,68,11,18,0,213,-11
2020-05-12,319,20,71,3,19,1,229,16
2020-05-13,339,20,84,13,20,1,235,6
2020-05-14,371,32,87,3,22,2,262,27
2020-05-15,393,22,90,3,22,0,281,19
2020-05-16,396,3,93,3,23,1,280,-1
2020-05-17,408,12,96,3,23,0,289,9
2020-05-18,409,1,108,12,23,0,278,-11
2020-05-19,420,11,118,10,23,0,279,1
2020-05-20,428,8,146,28,24,1,258,-21
2020-05-21,436,8,153,7,24,0,259,1
2020-05-22,438,2,158,5,24,0,256,-3
2020-05-23,443,5,176,18,25,1,242,-14
2020-05-24,478,35,181,5,25,0,272,30
2020-05-25,478,0,186,5,25,0,267,-5
2020-05-26,510,32,208,22,25,0,277,10
2020-05-27,537,27,236,28,26,1,275,-2
2020-05-28,541,4,244,8,26,0,271,-4
2020-05-29,541,0,250,6,26,0,265,-6
2020-05-30,552,11,256,6,26,0,270,5
2020-05-31,567,15,265,9,26,0,276,6
2020-06-01,567,0,267,2,26,0,274,-2
2020-06-02,574,7,272,5,26,0,276,2
2020-06-03,583,9,277,5,26,0,280,4
2020-06-04,594,11,312,35,26,0,256,-24
2020-06-05,607,13,333,21,27,1,247,-9
2020-06-06,618,11,336,3,27,0,255,8
2020-06-07,626,8,340,4,27,0,259,4
2020-06-08,626,0,351,11,27,0,248,-11
2020-06-09,645,19,361,10,29,2,255,7
2020-06-10,659,14,389,28,29,0,241,-14
2020-06-11,661,2,392,3,29,0,240,-1
2020-06-12,671,10,407,15,29,0,235,-5
2020-06-13,674,3,411,4,29,0,234,-1
2020-06-14,681,7,423,12,30,1,228,-6
2020-06-15,681,0,423,0,30,0,228,0
2020-06-16,687,6,459,36,30,0,198,-30
2020-06-17,691,4,465,6,30,0,196,-2
2020-06-18,696,5,482,17,30,0,184,-12
2020-06-19,700,4,493,11,30,0,177,-7
2020-06-20,703,3,497,4,30,0,176,-1
2020-06-21,707,4,503,6,30,0,174,-2
2020-06-22,707,0,505,2,30,0,172,-2
2020-06-23,712,5,524,19,30,0,158,-14
2020-06-24,715,3,539,15,30,0,146,-12
2020-06-25,717,2,561,22,30,0,126,-20
2020-06-26,720,3,571,10,31,1,118,-8
2020-06-27,722,2,581,10,31,0,110,-8
2020-06-28,725,3,587,6,31,0,107,-3
2020-06-29,725,0,588,1,31,0,106,-1
2020-06-30,726,1,600,12,31,0,95,-11
2020-07-01,742,16,607,7,31,0,104,9
2020-07-02,750,8,618,11,31,0,101,-3
2020-07-03,760,10,622,4,31,0,107,6
2020-07-04,762,2,624,2,31,0,107,0
2020-07-05,775,13,625,1,31,0,119,12
2020-07-06,775,0,627,2,31,0,117,-2
2020-07-07,780,5,637,10,31,0,112,-5
2020-07-08,780,0,647,10,32,1,101,-11
2020-07-09,785,5,655,8,32,0,98,-3
2020-07-10,791,6,661,6,32,0,98,0
2020-07-11,794,3,666,5,32,0,96,-2
2020-07-12,800,6,671,5,32,0,97,1
2020-07-13,800,0,671,0,32,0,97,0
2020-07-14,803,3,682,11,32,0,89,-8
2020-07-15,805,2,687,5,32,0,86,-3
2020-07-16,806,1,690,3,32,0,84,-2
2020-07-17,813,7,692,2,32,0,89,5
