date,total_confirmed,confirmed,total_recover,recover,total_death,death,total_active,active
2020-03-01,0,0,0,0,0,0,0,0
2020-03-02,0,0,0,0,0,0,0,0
2020-03-03,0,0,0,0,0,0,0,0
2020-03-04,0,0,0,0,0,0,0,0
2020-03-05,0,0,0,0,0,0,0,0
2020-03-06,0,0,0,0,0,0,0,0
2020-03-07,0,0,0,0,0,0,0,0
2020-03-08,0,0,0,0,0,0,0,0
2020-03-09,0,0,0,0,0,0,0,0
2020-03-10,0,0,0,0,0,0,0,0
2020-03-11,0,0,0,0,0,0,0,0
2020-03-12,0,0,0,0,0,0,0,0
2020-03-13,0,0,0,0,0,0,0,0
2020-03-14,0,0,0,0,0,0,0,0
2020-03-15,0,0,0,0,0,0,0,0
2020-03-16,0,0,0,0,0,0,0,0
2020-03-17,1,1,0,0,1,1,0,0
2020-03-18,1,0,0,0,1,0,0,0
2020-03-19,1,0,0,0,1,0,0,0
2020-03-20,1,0,0,0,1,0,0,0
2020-03-21,1,0,0,0,1,0,0,0
2020-03-22,1,0,0,0,1,0,0,0
2020-03-23,1,0,0,0,1,0,0,0
2020-03-24,1,0,0,0,1,0,0,0
2020-03-25,1,0,0,0,1,0,0,0
2020-03-26,1,0,0,0,1,0,0,0
2020-03-27,1,0,0,0,2,1,-1,-1
2020-03-28,1,0,0,0,2,0,-1,0
2020-03-29,1,0,0,0,2,0,-1,0
2020-03-30,7,6,0,0,2,0,5,6
2020-03-31,13,6,0,0,4,2,9,4
2020-04-01,15,2,0,0,4,0,11,2
2020-04-02,15,0,0,0,4,0,11,0
2020-04-03,15,0,0,0,4,0,11,0
2020-04-04,18,3,0,0,5,1,13,2
2020-04-05,18,0,0,0,5,0,13,0
2020-04-06,19,1,0,0,5,0,14,1
2020-04-07,19,0,0,0,5,0,14,0
2020-04-08,48,29,0,0,5,0,43,29
2020-04-09,48,0,0,0,5,0,43,0
2020-04-10,48,0,8,8,5,0,35,-8
2020-04-11,48,0,8,0,8,3,32,-3
2020-04-12,58,10,8,0,8,0,42,10
2020-04-13,60,2,9,1,9,1,42,0
2020-04-14,65,5,10,1,9,0,46,4
2020-04-15,71,6,10,0,9,0,52,6
2020-04-16,72,1,13,3,9,0,50,-2
2020-04-17,72,0,13,0,9,0,50,0
2020-04-18,72,0,13,0,9,0,50,0
2020-04-19,74,2,13,0,9,0,52,2
2020-04-20,76,2,14,1,10,1,52,0
2020-04-21,77,1,14,0,10,0,53,1
2020-04-22,86,9,21,7,10,0,55,2
2020-04-23,88,2,21,0,11,1,56,1
2020-04-24,89,1,21,0,11,0,57,1
2020-04-25,98,9,21,0,12,1,65,8
2020-04-26,104,6,28,7,12,0,64,-1
2020-04-27,104,0,35,7,12,0,57,-7
2020-04-28,104,0,35,0,13,1,56,-1
2020-04-29,107,3,40,5,13,0,54,-2
2020-04-30,110,3,41,1,14,1,55,1
2020-05-01,110,0,41,0,14,0,55,0
2020-05-02,110,0,41,0,14,0,55,0
2020-05-03,116,6,41,0,14,0,61,6
2020-05-04,122,6,41,0,14,0,67,6
2020-05-05,123,1,43,2,14,0,66,-1
2020-05-06,134,11,43,0,19,5,72,6
2020-05-07,135,1,48,5,19,0,68,-4
2020-05-08,150,15,48,0,19,0,83,15
2020-05-09,172,22,48,0,24,5,100,17
2020-05-10,172,0,48,0,24,0,100,0
2020-05-11,189,17,48,0,27,3,114,14
2020-05-12,191,2,53,5,27,0,111,-3
2020-05-13,193,2,53,0,27,0,113,2
2020-05-14,195,2,53,0,27,0,115,2
2020-05-15,195,0,53,0,27,0,115,0
2020-05-16,195,0,53,0,27,0,115,0
2020-05-17,211,16,58,5,29,2,124,9
2020-05-18,218,7,58,0,30,1,130,6
2020-05-19,228,10,58,0,31,1,139,9
2020-05-20,243,15,74,16,33,2,136,-3
2020-05-21,266,23,74,0,34,1,158,22
2020-05-22,278,12,102,28,35,1,141,-17
2020-05-23,287,9,102,0,35,0,150,9
2020-05-24,304,17,109,7,36,1,159,9
2020-05-25,308,4,114,5,36,0,158,-1
2020-05-26,308,0,114,0,36,0,158,0
2020-05-27,325,17,116,2,37,1,172,14
2020-05-28,355,30,118,2,38,1,199,27
2020-05-29,393,38,118,0,38,0,237,38
2020-05-30,399,6,123,5,42,4,234,-3
2020-05-31,402,3,146,23,42,0,214,-20
2020-06-01,410,8,149,3,42,0,219,5
2020-06-02,411,1,151,2,42,0,218,-1
2020-06-03,437,26,160,9,44,2,233,15
2020-06-04,481,44,167,7,45,1,269,36
2020-06-05,529,48,172,5,46,1,311,42
2020-06-06,596,67,179,7,46,0,371,60
2020-06-07,596,0,179,0,46,0,371,0
2020-06-08,598,2,189,10,48,2,361,-10
2020-06-09,610,12,189,0,52,4,369,8
2020-06-10,628,18,193,4,53,1,382,13
2020-06-11,673,45,205,12,56,3,412,30
2020-06-12,756,83,205,0,57,1,494,82
2020-06-13,854,98,205,0,59,2,590,96
2020-06-14,862,8,212,7,59,0,591,1
2020-06-15,925,63,216,4,64,5,645,54
2020-06-16,950,25,222,6,66,2,662,17
2020-06-17,963,13,227,5,66,0,670,8
2020-06-18,986,23,234,7,66,0,686,16
2020-06-19,1017,31,250,16,66,0,701,15
2020-06-20,1075,58,255,5,68,2,752,51
2020-06-21,1088,13,259,4,70,2,759,7
2020-06-22,1108,20,263,4,73,3,772,13
2020-06-23,1224,116,266,3,76,3,882,110
2020-06-24,1278,54,274,8,79,3,925,43
2020-06-25,1347,69,292,18,82,3,973,48
2020-06-26,1361,14,356,64,86,4,919,-54
2020-06-27,1436,75,374,18,91,5,971,52
2020-06-28,1458,22,384,10,91,0,983,12
2020-06-29,1470,12,401,17,91,0,978,-5
2020-06-30,1542,72,406,5,92,1,1044,66
2020-07-01,1592,50,419,13,97,5,1076,32
2020-07-02,1681,89,425,6,99,2,1157,81
2020-07-03,1714,33,438,13,100,1,1176,19
2020-07-04,1759,45,459,21,103,3,1197,21
2020-07-05,1771,12,478,19,103,0,1190,-7
2020-07-06,1790,19,485,7,107,4,1198,8
2020-07-07,1814,24,494,9,108,1,1212,14
2020-07-08,1969,155,504,10,109,1,1356,144
2020-07-09,2078,109,515,11,114,5,1449,93
2020-07-10,2186,108,527,12,115,1,1544,95
2020-07-11,2274,88,543,16,119,4,1612,68
2020-07-12,2313,39,565,22,123,4,1625,13
2020-07-13,2359,46,578,13,125,2,1656,31
2020-07-14,2490,131,598,20,130,5,1762,106
2020-07-15,2586,96,606,8,130,0,1850,88
2020-07-16,2684,98,635,29,135,5,1914,64
2020-07-17,2767,83,656,21,142,7,1969,55
2020-07-18,2916,149,695,39,145,3,2076,107
2020-07-19,2930,14,720,25,146,1,2064,-12
2020-07-20,2945,15,769,49,149,3,2027,-37
2020-07-21,0,0,0,0,0,0,0,0
2020-07-22,0,0,0,0,0,0,0,0
