date,total_confirmed,confirmed,total_recover,recover,total_death,death,total_active,active
2020-03-01,0,0,0,0,0,0,0,0
2020-03-08,0,0,0,0,0,0,0,0
2020-03-15,0,0,0,0,0,0,0,0
2020-03-22,0,0,0,0,0,0,0,0
2020-04-04,24,24,5,5,0,0,19,19
2020-04-11,70,46,14,9,0,0,56,37
2020-04-18,122,52,30,16,0,0,92,36
2020-04-25,174,52,64,34,2,2,108,16
2020-05-02,228,54,123,59,2,0,103,-5
2020-05-09,297,69,191,68,2,0,104,1
2020-05-16,337,40,237,46,2,0,98,-6
2020-05-23,379,42,280,43,2,0,97,-1
2020-05-30,446,67,321,41,2,0,123,26
2020-06-06,548,102,364,43,3,1,181,58
2020-06-13,714,166,455,91,4,1,255,74
2020-06-20,1001,287,582,127,5,1,414,159
2020-06-27,1357,356,747,165,9,4,601,187
2020-07-04,1783,426,932,185,16,7,835,234
2020-07-11,2128,345,1348,416,25,9,755,-80
2020-07-18,2669,541,1867,519,34,9,768,13
2020-07-25,3104,435,2401,534,46,12,657,-111
2020-08-01,3439,335,2917,516,46,0,476,-181
2020-08-08,3711,272,3233,316,47,1,431,-45
2020-08-15,4015,304,3519,286,47,0,449,18
2020-08-22,4437,422,3874,355,50,3,513,64
2020-08-29,4980,543,4320,446,60,10,600,87
2020-09-03,5701,721,4745,425,77,17,879,279
