date,total_confirmed,confirmed,total_recover,recover,total_death,death,total_active,active
2020-03-07,8,8,0,0,3,3,5,5
2020-03-14,9,1,8,8,7,4,-6,-11
2020-03-21,18,9,16,8,21,14,-19,-13
2020-03-28,183,165,37,21,59,38,87,106
2020-04-04,558,375,46,9,105,46,407,320
2020-04-11,1397,839,79,33,200,95,1118,711
2020-04-18,2316,919,173,94,274,74,1869,751
2020-04-25,3019,703,284,111,303,29,2432,563
2020-05-02,3686,667,454,170,347,44,2885,453
2020-05-09,4326,640,680,226,378,31,3268,383
2020-05-16,5114,788,1199,519,407,29,3508,240
2020-05-23,5780,666,1473,274,456,49,3851,343
2020-05-30,6489,709,1898,425,471,15,4120,269
2020-06-06,7191,702,2699,801,480,9,4012,-108
2020-06-13,8188,997,3682,983,503,23,4003,-9
2020-06-20,9156,968,4662,980,557,54,3937,-66
2020-06-27,10302,1146,5458,796,595,38,4249,312
2020-07-04,11508,1206,7222,1764,615,20,3671,-578
2020-07-11,13439,1931,8886,1664,653,38,3900,229
2020-07-18,15531,2092,9959,1073,699,46,4873,973
2020-07-25,18174,2643,11679,1720,736,37,5759,886
2020-08-01,21280,3106,13844,2165,824,88,6612,853
2020-08-08,24800,3520,15671,1827,904,80,8225,1613
2020-08-15,28395,3595,19015,3344,960,56,8420,195
2020-08-21,31780,3385,22189,3174,1043,83,8548,128
2020-08-23,0,0,0,0,0,0,0,0
