date,total_confirmed,confirmed,total_recover,recover,total_death,death,total_active,active
2020-03-01,0,0,0,0,0,0,0,0
2020-03-08,0,0,0,0,0,0,0,0
2020-03-15,0,0,0,0,0,0,0,0
2020-03-28,2,2,0,0,0,0,2,2
2020-04-04,8,6,0,0,0,0,8,6
2020-04-11,16,8,0,0,1,1,15,7
2020-04-18,50,34,2,2,1,0,47,32
2020-04-25,83,33,2,0,1,0,80,33
2020-05-02,122,39,5,3,1,0,116,36
2020-05-09,131,9,6,1,1,0,124,8
2020-05-16,153,22,41,35,1,0,111,-13
2020-05-23,163,10,57,16,1,0,105,-6
2020-05-30,165,2,72,15,2,1,91,-14
2020-06-06,168,3,108,36,2,0,58,-33
2020-06-13,170,2,137,29,2,0,31,-27
2020-06-20,175,5,149,12,2,0,24,-7
2020-06-27,201,26,154,5,2,0,45,21
2020-07-04,206,5,174,20,2,0,30,-15
2020-07-11,214,8,188,14,2,0,24,-6
2020-07-18,216,2,192,4,2,0,22,-2
2020-07-25,266,50,212,20,2,0,52,30
2020-08-01,284,18,214,2,2,0,68,16
2020-08-08,292,8,265,51,2,0,25,-43
2020-08-15,325,33,286,21,2,0,37,12
2020-08-22,340,15,307,21,2,0,31,-6
2020-08-25,360,20,316,9,2,0,42,11
