date,total_confirmed,confirmed,total_recover,recover,total_death,death,total_active,active
2020-03-01,0,0,0,0,0,0,0,0
2020-03-13,0,0,0,0,0,0,0,0
2020-03-25,0,0,0,0,0,0,0,0
2020-04-06,4,4,0,0,0,0,4,4
2020-04-18,15,11,2,2,1,1,12,8
2020-04-30,19,4,11,9,1,0,7,-5
2020-05-12,49,30,18,7,2,1,29,22
2020-05-24,121,72,30,12,6,4,85,56
2020-06-05,214,93,94,64,8,2,112,27
2020-06-17,243,29,201,107,8,0,34,-78
2020-06-29,316,73,229,28,17,9,70,36
2020-07-11,363,47,238,9,17,0,108,38
