date,total_confirmed,confirmed,total_recover,recover,total_death,death,total_active,active
2020-03-01,0,0,0,0,0,0,0,0
2020-03-13,0,0,0,0,0,0,0,0
2020-03-25,1,1,0,0,0,0,1,1
2020-04-06,7,6,0,0,0,0,7,6
2020-04-18,31,24,1,1,0,0,30,23
2020-04-30,64,33,3,2,0,0,61,31
2020-05-12,90,26,13,10,0,0,77,16
2020-05-24,98,8,27,14,0,0,71,-6
2020-06-05,107,9,45,18,0,0,62,-9
2020-06-17,116,9,69,24,0,0,47,-15
2020-06-29,121,5,81,12,1,1,39,-8
2020-07-11,0,0,0,0,0,0,0,0
