date,total_confirmed,confirmed,total_recover,recover,total_death,death,total_active,active
2020-03-01,0,0,0,0,0,0,0,0
2020-03-13,0,0,0,0,0,0,0,0
2020-04-05,8,8,0,0,0,0,8,8
2020-04-17,47,39,2,2,1,1,44,36
2020-04-29,92,45,4,2,1,0,87,43
2020-05-11,132,40,7,3,1,0,124,37
2020-05-23,163,31,57,50,1,0,105,-19
2020-06-04,165,2,89,32,2,1,74,-31
2020-06-16,171,6,145,56,2,0,24,-50
2020-06-28,201,30,157,12,2,0,42,18
2020-07-10,214,13,188,31,2,0,24,-18
2020-07-13,215,1,188,0,2,0,25,1
