date,total_confirmed,confirmed,total_recover,recover,total_death,death,total_active,active
2020-03-01,0,0,0,0,0,0,0,0
2020-03-13,0,0,0,0,0,0,0,0
2020-04-05,2,2,0,0,1,1,1,1
2020-04-17,6,4,0,0,1,0,5,4
2020-04-29,10,4,2,2,1,0,7,2
2020-05-11,29,19,7,5,1,0,21,14
2020-05-23,39,10,27,20,1,0,11,-10
2020-06-04,72,33,34,7,1,0,37,26
2020-06-16,145,73,68,34,2,1,75,38
2020-06-28,149,4,132,64,2,0,15,-60
2020-07-10,171,22,141,9,2,0,28,13
2020-07-11,172,1,142,1,2,0,28,0
