date,total_confirmed,confirmed,total_recover,recover,total_death,death,total_active,active
2020-03-01,0,0,0,0,0,0,0,0
2020-03-24,1,1,0,0,0,0,1,1
2020-04-05,1,0,0,0,0,0,1,0
2020-04-17,14,13,0,0,0,0,14,13
2020-04-29,23,9,11,11,0,0,12,-2
2020-05-11,32,9,16,5,4,4,12,0
2020-05-23,157,125,21,5,7,3,129,117
2020-06-04,238,81,61,40,8,1,169,40
2020-06-16,496,258,110,49,13,5,373,204
2020-06-28,711,215,229,119,15,2,467,94
2020-07-10,858,147,508,279,17,2,333,-134
2020-07-13,900,42,567,59,17,0,316,-17
