date,total_confirmed,confirmed,total_recover,recover,total_death,death,total_active,active
2020-03-01,0,0,0,0,0,0,0,0
2020-03-13,0,0,0,0,0,0,0,0
2020-04-05,5,5,0,0,2,2,3,3
2020-04-17,24,19,2,2,3,1,19,16
2020-04-29,47,23,8,6,3,0,36,17
2020-05-11,83,36,13,5,3,0,67,31
2020-05-23,120,37,37,24,4,1,79,12
2020-06-04,129,9,70,33,4,0,55,-24
2020-06-16,172,43,125,55,4,0,43,-12
2020-06-28,186,14,153,28,5,1,28,-15
2020-07-08,193,7,164,11,6,1,23,-5
2020-07-11,0,0,0,0,0,0,0,0
