provinsi,tanggal,AKUMULASI_KASUS,KASUS,AKUMULASI_SEMBUH,SEMBUH,AKUMULASI_MENINGGAL,MENINGGAL,AKUMULASI_DIRAWAT_OR_ISOLASI,DIRAWAT_OR_ISOLASI
KALIMANTAN UTARA,2020-03-28,2,2,0,0,0,0,2,2
KALIMANTAN UTARA,2020-03-29,2,0,0,0,0,0,2,0
KALIMANTAN UTARA,2020-03-30,2,0,0,0,0,0,2,0
KALIMANTAN UTARA,2020-03-31,2,0,0,0,0,0,2,0
KALIMANTAN UTARA,2020-04-01,2,0,0,0,0,0,2,0
KALIMANTAN UTARA,2020-04-02,2,0,0,0,0,0,2,0
KALIMANTAN UTARA,2020-04-03,8,6,0,0,0,0,8,6
KALIMANTAN UTARA,2020-04-04,8,0,0,0,0,0,8,0
KALIMANTAN UTARA,2020-04-05,8,0,0,0,0,0,8,0
KALIMANTAN UTARA,2020-04-06,15,7,0,0,0,0,15,7
KALIMANTAN UTARA,2020-04-07,15,0,0,0,0,0,15,0
KALIMANTAN UTARA,2020-04-08,16,1,0,0,0,0,16,1
KALIMANTAN UTARA,2020-04-09,16,0,0,0,0,0,16,0
KALIMANTAN UTARA,2020-04-10,16,0,0,0,0,0,16,0
KALIMANTAN UTARA,2020-04-11,16,0,0,0,1,1,15,-1
KALIMANTAN UTARA,2020-04-12,16,0,0,0,1,0,15,0
KALIMANTAN UTARA,2020-04-13,16,0,0,0,1,0,15,0
KALIMANTAN UTARA,2020-04-14,16,0,0,0,1,0,15,0
KALIMANTAN UTARA,2020-04-15,20,4,1,1,1,0,18,3
KALIMANTAN UTARA,2020-04-16,28,8,2,1,1,0,25,7
KALIMANTAN UTARA,2020-04-17,47,19,2,0,1,0,44,19
KALIMANTAN UTARA,2020-04-18,50,3,2,0,1,0,47,3
KALIMANTAN UTARA,2020-04-19,69,19,2,0,1,0,66,19
KALIMANTAN UTARA,2020-04-20,73,4,2,0,1,0,70,4
KALIMANTAN UTARA,2020-04-21,77,4,2,0,1,0,74,4
KALIMANTAN UTARA,2020-04-22,77,0,2,0,1,0,74,0
KALIMANTAN UTARA,2020-04-23,77,0,2,0,1,0,74,0
KALIMANTAN UTARA,2020-04-24,77,0,2,0,1,0,74,0
KALIMANTAN UTARA,2020-04-25,83,6,2,0,1,0,80,6
KALIMANTAN UTARA,2020-04-26,89,6,2,0,1,0,86,6
KALIMANTAN UTARA,2020-04-27,90,1,2,0,1,0,87,1
KALIMANTAN UTARA,2020-04-28,92,2,2,0,1,0,89,2
KALIMANTAN UTARA,2020-04-29,92,0,4,2,1,0,87,-2
KALIMANTAN UTARA,2020-04-30,100,8,4,0,1,0,95,8
KALIMANTAN UTARA,2020-05-01,115,15,5,1,1,0,109,14
KALIMANTAN UTARA,2020-05-02,122,7,5,0,1,0,116,7
KALIMANTAN UTARA,2020-05-03,122,0,5,0,1,0,116,0
KALIMANTAN UTARA,2020-05-04,130,8,5,0,1,0,124,8
KALIMANTAN UTARA,2020-05-05,131,1,6,1,1,0,124,0
KALIMANTAN UTARA,2020-05-06,131,0,6,0,1,0,124,0
KALIMANTAN UTARA,2020-05-07,131,0,6,0,1,0,124,0
KALIMANTAN UTARA,2020-05-08,131,0,6,0,1,0,124,0
KALIMANTAN UTARA,2020-05-09,131,0,6,0,1,0,124,0
KALIMANTAN UTARA,2020-05-10,131,0,7,1,1,0,123,-1
KALIMANTAN UTARA,2020-05-11,132,1,7,0,1,0,124,1
KALIMANTAN UTARA,2020-05-12,132,0,12,5,1,0,119,-5
KALIMANTAN UTARA,2020-05-13,138,6,18,6,1,0,119,0
KALIMANTAN UTARA,2020-05-14,138,0,20,2,1,0,117,-2
KALIMANTAN UTARA,2020-05-15,141,3,29,9,1,0,111,-6
KALIMANTAN UTARA,2020-05-16,153,12,41,12,1,0,111,0
KALIMANTAN UTARA,2020-05-17,155,2,41,0,1,0,113,2
KALIMANTAN UTARA,2020-05-18,155,0,46,5,1,0,108,-5
KALIMANTAN UTARA,2020-05-19,160,5,51,5,1,0,108,0
KALIMANTAN UTARA,2020-05-20,160,0,51,0,1,0,108,0
KALIMANTAN UTARA,2020-05-21,162,2,54,3,1,0,107,-1
KALIMANTAN UTARA,2020-05-22,163,1,57,3,1,0,105,-2
KALIMANTAN UTARA,2020-05-23,163,0,57,0,1,0,105,0
KALIMANTAN UTARA,2020-05-24,164,1,59,2,1,0,104,-1
KALIMANTAN UTARA,2020-05-25,164,0,66,7,1,0,97,-7
KALIMANTAN UTARA,2020-05-26,164,0,69,3,2,1,93,-4
KALIMANTAN UTARA,2020-05-27,165,1,69,0,2,0,94,1
KALIMANTAN UTARA,2020-05-28,165,0,70,1,2,0,93,-1
KALIMANTAN UTARA,2020-05-29,165,0,72,2,2,0,91,-2
KALIMANTAN UTARA,2020-05-30,165,0,72,0,2,0,91,0
KALIMANTAN UTARA,2020-05-31,165,0,72,0,2,0,91,0
KALIMANTAN UTARA,2020-06-01,165,0,80,8,2,0,83,-8
KALIMANTAN UTARA,2020-06-02,165,0,82,2,2,0,81,-2
KALIMANTAN UTARA,2020-06-03,165,0,89,7,2,0,74,-7
KALIMANTAN UTARA,2020-06-04,165,0,89,0,2,0,74,0
KALIMANTAN UTARA,2020-06-05,167,2,94,5,2,0,71,-3
KALIMANTAN UTARA,2020-06-06,168,1,108,14,2,0,58,-13
KALIMANTAN UTARA,2020-06-07,169,1,119,11,2,0,48,-10
KALIMANTAN UTARA,2020-06-08,169,0,129,10,2,0,38,-10
KALIMANTAN UTARA,2020-06-09,170,1,130,1,2,0,38,0
KALIMANTAN UTARA,2020-06-10,170,0,133,3,2,0,35,-3
KALIMANTAN UTARA,2020-06-11,170,0,135,2,2,0,33,-2
KALIMANTAN UTARA,2020-06-12,170,0,135,0,2,0,33,0
KALIMANTAN UTARA,2020-06-13,170,0,137,2,2,0,31,-2
KALIMANTAN UTARA,2020-06-14,170,0,137,0,2,0,31,0
KALIMANTAN UTARA,2020-06-15,170,0,137,0,2,0,31,0
KALIMANTAN UTARA,2020-06-16,171,1,145,8,2,0,24,-7
KALIMANTAN UTARA,2020-06-17,171,0,145,0,2,0,24,0
KALIMANTAN UTARA,2020-06-18,171,0,147,2,2,0,22,-2
KALIMANTAN UTARA,2020-06-19,173,2,149,2,2,0,22,0
KALIMANTAN UTARA,2020-06-20,175,2,149,0,2,0,24,2
KALIMANTAN UTARA,2020-06-21,176,1,149,0,2,0,25,1
KALIMANTAN UTARA,2020-06-22,177,1,149,0,2,0,26,1
KALIMANTAN UTARA,2020-06-23,177,0,149,0,2,0,26,0
KALIMANTAN UTARA,2020-06-24,179,2,151,2,2,0,26,0
KALIMANTAN UTARA,2020-06-25,188,9,151,0,2,0,35,9
