date,total_confirmed,confirmed,total_recover,recover,total_death,death,total_active,active
2020-03-01,0,0,0,0,0,0,0,0
2020-03-02,0,0,0,0,0,0,0,0
2020-03-03,0,0,0,0,0,0,0,0
2020-03-04,0,0,0,0,0,0,0,0
2020-03-05,0,0,0,0,0,0,0,0
2020-03-06,1,1,0,0,0,0,1,1
2020-03-07,1,0,0,0,0,0,1,0
2020-03-08,2,1,0,0,0,0,2,1
2020-03-09,2,0,0,0,0,0,2,0
2020-03-10,2,0,0,0,0,0,2,0
2020-03-11,2,0,0,0,0,0,2,0
2020-03-12,2,0,0,0,1,1,1,-1
2020-03-13,3,1,0,0,1,0,2,1
2020-03-14,4,1,0,0,1,0,3,1
2020-03-15,5,1,0,0,1,0,4,1
2020-03-16,6,1,0,0,1,0,5,1
2020-03-17,6,0,0,0,2,1,4,-1
2020-03-18,6,0,0,0,2,0,4,0
2020-03-19,6,0,0,0,3,1,3,-1
2020-03-20,6,0,0,0,4,1,2,-1
2020-03-21,6,0,0,0,4,0,2,0
2020-03-22,6,0,0,0,4,0,2,0
2020-03-23,6,0,0,0,4,0,2,0
2020-03-24,6,0,1,1,4,0,1,-1
2020-03-25,6,0,1,0,4,0,1,0
2020-03-26,6,0,2,1,4,0,0,-1
2020-03-27,31,25,2,0,4,0,25,25
2020-03-28,41,10,3,1,4,0,34,9
2020-03-29,43,2,3,0,6,2,34,0
2020-03-30,65,22,3,0,6,0,56,22
2020-03-31,79,14,3,0,14,8,62,6
2020-04-01,91,12,8,5,14,0,69,7
2020-04-02,97,6,8,0,15,1,74,5
2020-04-03,101,4,8,0,18,3,75,1
2020-04-04,104,3,8,0,18,0,78,3
2020-04-05,108,4,8,0,18,0,82,4
2020-04-06,117,9,9,1,19,1,89,7
2020-04-07,123,6,9,0,20,1,94,5
2020-04-08,142,19,9,0,20,0,113,19
2020-04-09,145,3,9,0,22,2,114,1
2020-04-10,166,21,9,0,23,1,134,20
2020-04-11,197,31,10,1,23,0,164,30
2020-04-12,199,2,11,1,23,0,165,1
2020-04-13,202,3,11,0,24,1,167,2
2020-04-14,207,5,11,0,24,0,172,5
2020-04-15,207,0,12,1,26,2,169,-3
2020-04-16,222,15,12,0,32,6,178,9
2020-04-17,231,9,12,0,34,2,185,7
2020-04-18,242,11,12,0,34,0,196,11
2020-04-19,245,3,12,0,34,0,199,3
2020-04-20,274,29,18,6,34,0,222,23
2020-04-21,274,0,18,0,34,0,222,0
2020-04-22,275,1,29,11,34,0,212,-10
2020-04-23,278,3,29,0,34,0,215,3
2020-04-24,301,23,33,4,38,4,230,15
2020-04-25,312,11,33,0,38,0,241,11
2020-04-26,312,0,33,0,38,0,241,0
2020-04-27,324,12,33,0,39,1,252,11
2020-04-28,330,6,33,0,40,1,257,5
2020-04-29,330,0,33,0,40,0,257,0
2020-04-30,346,16,34,1,40,0,272,15
2020-05-01,360,14,34,0,40,0,286,14
2020-05-02,369,9,34,0,40,0,295,9
2020-05-03,374,5,34,0,40,0,300,5
2020-05-04,388,14,34,0,40,0,314,14
2020-05-05,398,10,117,83,40,0,241,-73
2020-05-06,427,29,122,5,40,0,265,24
2020-05-07,427,0,122,0,55,15,250,-15
2020-05-08,447,20,122,0,55,0,270,20
2020-05-09,467,20,122,0,55,0,290,20
2020-05-10,477,10,122,0,55,0,300,10
2020-05-11,485,8,146,24,55,0,284,-16
2020-05-12,503,18,153,7,55,0,295,11
2020-05-13,523,20,157,4,56,1,310,15
2020-05-14,537,14,158,1,56,0,323,13
2020-05-15,565,28,158,0,59,3,348,25
2020-05-16,565,0,158,0,60,1,347,-1
2020-05-17,589,24,159,1,60,0,370,23
2020-05-18,620,31,162,3,61,1,397,27
2020-05-19,641,21,162,0,61,0,418,21
2020-05-20,642,1,162,0,61,0,419,1
2020-05-21,695,53,171,9,64,3,460,41
2020-05-22,710,15,172,1,65,1,473,13
2020-05-23,710,0,172,0,65,0,473,0
2020-05-24,731,21,176,4,65,0,490,17
2020-05-25,731,0,176,0,65,0,490,0
2020-05-26,749,18,178,2,65,0,506,16
2020-05-27,759,10,181,3,65,0,513,7
2020-05-28,773,14,205,24,65,0,503,-10
2020-05-29,786,13,217,12,68,3,501,-2
2020-05-30,800,14,243,26,68,0,489,-12
2020-05-31,803,3,243,0,68,0,492,3
2020-06-01,810,7,251,8,68,0,491,-1
2020-06-02,824,14,273,22,68,0,483,-8
2020-06-03,895,71,273,0,68,0,554,71
2020-06-04,905,10,279,6,68,0,558,4
2020-06-05,929,24,324,45,69,1,536,-22
2020-06-06,965,36,365,41,70,1,530,-6
2020-06-07,975,10,370,5,70,0,535,5
2020-06-08,986,11,372,2,70,0,544,9
2020-06-09,1002,16,391,19,71,1,540,-4
2020-06-10,1035,33,401,10,72,1,562,22
2020-06-11,1060,25,411,10,74,2,575,13
2020-06-12,1095,35,417,6,75,1,603,28
2020-06-13,1169,74,418,1,78,3,673,70
2020-06-14,1178,9,440,22,78,0,660,-13
2020-06-15,1182,4,460,20,78,0,644,-16
2020-06-16,1219,37,486,26,78,0,655,11
2020-06-17,1250,31,509,23,78,0,663,8
2020-06-18,1267,17,536,27,78,0,653,-10
2020-06-19,1272,5,539,3,78,0,655,2
2020-06-20,1288,16,570,31,78,0,640,-15
2020-06-21,1297,9,571,1,78,0,648,8
2020-06-22,1305,8,571,0,78,0,656,8
2020-06-23,1316,11,584,13,78,0,654,-2
2020-06-24,1336,20,591,7,78,0,667,13
2020-06-25,1353,17,591,0,78,0,684,17
2020-06-26,1365,12,604,13,78,0,683,-1
2020-06-27,1385,20,612,8,78,0,695,12
2020-06-28,1389,4,629,17,78,0,682,-13
2020-06-29,1392,3,636,7,78,0,678,-4
2020-06-30,1403,11,640,4,78,0,685,7
2020-07-01,1415,12,661,21,78,0,676,-9
2020-07-02,1425,10,883,222,78,0,464,-212
2020-07-03,1447,22,935,52,78,0,434,-30
2020-07-04,1461,14,944,9,78,0,439,5
2020-07-05,1468,7,946,2,79,1,443,4
2020-07-06,1480,12,950,4,79,0,451,8
2020-07-07,1486,6,953,3,79,0,454,3
2020-07-08,1501,15,959,6,79,0,463,9
2020-07-09,1514,13,983,24,79,0,452,-11
2020-07-10,1522,8,1011,28,80,1,431,-21
2020-07-11,1529,7,1041,30,80,0,408,-23
2020-07-12,1542,13,1091,50,80,0,371,-37
2020-07-13,1553,11,1096,5,80,0,377,6
2020-07-14,1562,9,1109,13,80,0,373,-4
2020-07-15,1566,4,1142,33,80,0,344,-29
2020-07-16,1583,17,1158,16,81,1,344,0
2020-07-17,1594,11,1168,10,81,0,345,1
2020-07-18,1602,8,1180,12,82,1,340,-5
2020-07-19,1619,17,1185,5,83,1,351,11
2020-07-20,1627,8,1198,13,83,0,346,-5
2020-07-21,1635,8,1220,22,84,1,331,-15
2020-07-22,1639,4,1227,7,84,0,328,-3
2020-07-23,1649,10,1232,5,84,0,333,5
2020-07-24,1661,12,1237,5,84,0,340,7
2020-07-25,1666,5,1244,7,84,0,338,-2
2020-07-26,1680,14,1250,6,86,2,344,6
2020-07-27,1690,10,1273,23,86,0,331,-13
2020-07-28,1699,9,1283,10,86,0,330,-1
2020-07-29,1714,15,1292,9,86,0,336,6
2020-07-30,1743,29,1309,17,88,2,346,10
2020-07-31,1777,34,1354,45,89,1,334,-12
2020-08-01,1800,23,1366,12,89,0,345,11
2020-08-02,1812,12,1385,19,89,0,338,-7
2020-08-03,1833,21,1410,25,91,2,332,-6
2020-08-04,1866,33,1422,12,92,1,352,20
2020-08-05,1889,23,1427,5,92,0,370,18
2020-08-06,1921,32,1455,28,93,1,373,3
2020-08-07,1955,34,1464,9,93,0,398,25
2020-08-08,1977,22,1473,9,95,2,409,11
2020-08-09,2001,24,1474,1,95,0,432,23
2020-08-10,2024,23,1475,1,95,0,454,22
2020-08-11,2043,19,1484,9,95,0,464,10
2020-08-12,2092,49,1502,18,97,2,493,29
2020-08-13,2129,37,1551,49,97,0,481,-12
2020-08-14,2150,21,1560,9,98,1,492,11
2020-08-15,2183,33,1580,20,98,0,505,13
2020-08-16,2226,43,1598,18,99,1,529,24
2020-08-17,2243,17,1617,19,99,0,527,-2
2020-08-18,2306,63,1624,7,100,1,582,55
2020-08-19,2353,47,1655,31,100,0,598,16
2020-08-20,2376,23,1665,10,100,0,611,13
2020-08-21,2412,36,1699,34,100,0,613,2
2020-08-22,0,0,0,0,0,0,0,0
