date,total_confirmed,confirmed,total_recover,recover,total_death,death,total_active,active
2020-03-01,0,0,0,0,0,0,0,0
2020-03-02,0,0,0,0,0,0,0,0
2020-03-03,0,0,0,0,0,0,0,0
2020-03-04,0,0,0,0,0,0,0,0
2020-03-05,0,0,0,0,0,0,0,0
2020-03-06,0,0,0,0,0,0,0,0
2020-03-07,0,0,0,0,0,0,0,0
2020-03-08,0,0,0,0,0,0,0,0
2020-03-09,0,0,0,0,0,0,0,0
2020-03-10,0,0,0,0,0,0,0,0
2020-03-11,0,0,0,0,0,0,0,0
2020-03-12,0,0,0,0,0,0,0,0
2020-03-13,0,0,0,0,0,0,0,0
2020-03-14,0,0,0,0,0,0,0,0
2020-03-15,0,0,0,0,0,0,0,0
2020-03-16,0,0,0,0,0,0,0,0
2020-03-17,0,0,0,0,0,0,0,0
2020-03-18,0,0,0,0,0,0,0,0
2020-03-19,0,0,0,0,0,0,0,0
2020-03-20,0,0,0,0,0,0,0,0
2020-03-21,0,0,0,0,0,0,0,0
2020-03-22,0,0,0,0,0,0,0,0
2020-03-23,0,0,0,0,0,0,0,0
2020-03-24,0,0,0,0,0,0,0,0
2020-03-25,0,0,0,0,0,0,0,0
2020-03-26,0,0,0,0,0,0,0,0
2020-03-27,2,2,0,0,0,0,2,2
2020-03-28,2,0,0,0,0,0,2,0
2020-03-29,2,0,0,0,0,0,2,0
2020-03-30,2,0,0,0,0,0,2,0
2020-03-31,2,0,0,0,0,0,2,0
2020-04-01,2,0,0,0,0,0,2,0
2020-04-02,2,0,0,0,0,0,2,0
2020-04-03,2,0,0,0,0,0,2,0
2020-04-04,2,0,0,0,0,0,2,0
2020-04-05,2,0,0,0,0,0,2,0
2020-04-06,2,0,0,0,0,0,2,0
2020-04-07,2,0,0,0,0,0,2,0
2020-04-08,2,0,0,0,0,0,2,0
2020-04-09,2,0,0,0,0,0,2,0
2020-04-10,2,0,0,0,0,0,2,0
2020-04-11,2,0,0,0,0,0,2,0
2020-04-12,2,0,0,0,0,0,2,0
2020-04-13,2,0,0,0,0,0,2,0
2020-04-14,2,0,0,0,0,0,2,0
2020-04-15,2,0,0,0,0,0,2,0
2020-04-16,5,3,0,0,0,0,5,3
2020-04-17,5,0,0,0,0,0,5,0
2020-04-18,5,0,0,0,0,0,5,0
2020-04-19,7,2,0,0,0,0,7,2
2020-04-20,7,0,0,0,0,0,7,0
2020-04-21,7,0,0,0,0,0,7,0
2020-04-22,8,1,0,0,0,0,8,1
2020-04-23,13,5,0,0,0,0,13,5
2020-04-24,15,2,0,0,0,0,15,2
2020-04-25,16,1,0,0,0,0,16,1
2020-04-26,16,0,0,0,0,0,16,0
2020-04-27,16,0,0,0,0,0,16,0
2020-04-28,37,21,0,0,0,0,37,21
2020-04-29,37,0,0,0,0,0,37,0
2020-04-30,37,0,0,0,0,0,37,0
2020-05-01,42,5,0,0,0,0,42,5
2020-05-02,43,1,0,0,0,0,43,1
2020-05-03,43,0,0,0,0,0,43,0
2020-05-04,43,0,0,0,0,0,43,0
2020-05-05,49,6,0,0,0,0,49,6
2020-05-06,53,4,0,0,0,0,53,4
2020-05-07,53,0,0,0,0,0,53,0
2020-05-08,53,0,0,0,0,0,53,0
2020-05-09,53,0,0,0,0,0,53,0
2020-05-10,70,17,2,2,0,0,68,15
2020-05-11,70,0,2,0,0,0,68,0
2020-05-12,70,0,2,0,0,0,68,0
2020-05-13,70,0,2,0,0,0,68,0
2020-05-14,88,18,2,0,0,0,86,18
2020-05-15,88,0,2,0,0,0,86,0
2020-05-16,102,14,5,3,0,0,97,11
2020-05-17,105,3,5,0,0,0,100,3
2020-05-18,105,0,5,0,0,0,100,0
2020-05-19,105,0,5,0,0,0,100,0
2020-05-20,106,1,6,1,0,0,100,0
2020-05-21,109,3,7,1,0,0,102,2
2020-05-22,119,10,11,4,0,0,108,6
2020-05-23,129,10,19,8,1,1,109,1
2020-05-24,130,1,19,0,1,0,110,1
2020-05-25,130,0,22,3,1,0,107,-3
2020-05-26,132,2,35,13,1,0,96,-11
2020-05-27,132,0,36,1,1,0,95,-1
2020-05-28,152,20,38,2,1,0,113,18
2020-05-29,158,6,42,4,1,0,115,2
2020-05-30,162,4,49,7,1,0,112,-3
2020-05-31,168,6,55,6,1,0,112,0
2020-06-01,168,0,55,0,1,0,112,0
2020-06-02,172,4,55,0,1,0,116,4
2020-06-03,172,0,55,0,1,0,116,0
2020-06-04,173,1,57,2,1,0,115,-1
2020-06-05,175,2,74,17,1,0,100,-15
2020-06-06,178,3,74,0,1,0,103,3
2020-06-07,179,1,74,0,1,0,104,1
2020-06-08,179,0,74,0,1,0,104,0
2020-06-09,183,4,75,1,1,0,107,3
2020-06-10,191,8,84,9,1,0,106,-1
2020-06-11,195,4,85,1,1,0,109,3
2020-06-12,200,5,86,1,1,0,113,4
2020-06-13,205,5,86,0,2,1,117,4
2020-06-14,208,3,87,1,2,0,119,2
2020-06-15,209,1,87,0,2,0,120,1
2020-06-16,212,3,94,7,2,0,116,-4
2020-06-17,214,2,96,2,2,0,116,0
2020-06-18,219,5,118,22,2,0,99,-17
2020-06-19,222,3,126,8,2,0,94,-5
2020-06-20,222,0,128,2,2,0,92,-2
2020-06-21,224,2,128,0,2,0,94,2
2020-06-22,224,0,128,0,2,0,94,0
2020-06-23,224,0,129,1,2,0,93,-1
2020-06-24,225,1,145,16,2,0,78,-15
2020-06-25,233,8,149,4,2,0,82,4
2020-06-26,233,0,150,1,2,0,81,-1
2020-06-27,234,1,152,2,2,0,80,-1
2020-06-28,236,2,152,0,2,0,82,2
2020-06-29,237,1,153,1,3,1,81,-1
2020-06-30,239,2,153,0,3,0,83,2
2020-07-01,242,3,165,12,3,0,74,-9
2020-07-02,244,2,170,5,3,0,71,-3
2020-07-03,249,5,170,0,3,0,76,5
2020-07-04,253,4,171,1,3,0,79,3
2020-07-05,255,2,177,6,3,0,75,-4
2020-07-06,265,10,184,7,3,0,78,3
2020-07-07,266,1,185,1,3,0,78,0
2020-07-08,266,0,186,1,3,0,77,-1
2020-07-09,272,6,186,0,3,0,83,6
2020-07-10,276,4,187,1,3,0,86,3
2020-07-11,282,6,188,1,3,0,91,5
2020-07-12,286,4,193,5,3,0,90,-1
2020-07-13,286,0,196,3,3,0,87,-3
2020-07-14,292,6,198,2,3,0,91,4
2020-07-15,292,0,202,4,3,0,87,-4
2020-07-16,296,4,202,0,3,0,91,4
2020-07-17,301,5,203,1,3,0,95,4
2020-07-18,339,38,205,2,4,1,130,35
2020-07-19,341,2,209,4,4,0,128,-2
2020-07-20,368,27,212,3,4,0,152,24
2020-07-21,371,3,213,1,4,0,154,2
2020-07-22,376,5,216,3,4,0,156,2
2020-07-23,386,10,230,14,4,0,152,-4
2020-07-24,387,1,232,2,4,0,151,-1
2020-07-25,388,1,232,0,4,0,152,1
2020-07-26,392,4,232,0,4,0,156,4
2020-07-27,396,4,234,2,4,0,158,2
2020-07-28,397,1,263,29,4,0,130,-28
2020-07-29,413,16,265,2,4,0,144,14
2020-07-30,430,17,292,27,5,1,133,-11
2020-07-31,433,3,292,0,5,0,136,3
2020-08-01,451,18,292,0,5,0,154,18
2020-08-02,460,9,295,3,5,0,160,6
2020-08-03,460,0,295,0,5,0,160,0
2020-08-04,471,11,304,9,5,0,162,2
2020-08-05,481,10,306,2,5,0,170,8
2020-08-06,492,11,344,38,5,0,143,-27
2020-08-07,536,44,350,6,5,0,181,38
2020-08-08,551,15,362,12,5,0,184,3
2020-08-09,552,1,362,0,5,0,185,1
2020-08-10,557,5,385,23,5,0,167,-18
2020-08-11,558,1,391,6,5,0,162,-5
2020-08-12,571,13,399,8,6,1,166,4
2020-08-13,595,24,418,19,6,0,171,5
2020-08-14,595,0,437,19,6,0,152,-19
2020-08-15,601,6,439,2,6,0,156,4
2020-08-16,605,4,450,11,6,0,149,-7
2020-08-17,607,2,451,1,6,0,150,1
2020-08-18,620,13,485,34,6,0,129,-21
2020-08-19,634,14,510,25,6,0,118,-11
2020-08-20,640,6,511,1,6,0,123,5
2020-08-21,643,3,512,1,6,0,125,2
2020-08-22,647,4,518,6,6,0,123,-2
2020-08-23,649,2,518,0,7,1,124,1
2020-08-24,659,10,524,6,8,1,127,3
2020-08-25,659,0,524,0,8,0,127,0
2020-08-26,711,52,546,22,10,2,155,28
2020-08-27,720,9,555,9,11,1,154,-1
2020-08-28,726,6,562,7,11,0,153,-1
2020-08-29,746,20,562,0,12,1,172,19
2020-08-30,752,6,563,1,12,0,177,5
2020-08-31,807,55,569,6,12,0,226,49
2020-09-01,831,24,592,23,14,2,225,-1
2020-09-02,836,5,598,6,14,0,224,-1
2020-09-03,861,25,599,1,14,0,248,24
2020-09-04,888,27,604,5,14,0,270,22
2020-09-05,895,7,620,16,14,0,261,-9
2020-09-06,908,13,622,2,16,2,270,9
2020-09-07,940,32,630,8,16,0,294,24
2020-09-08,941,1,633,3,16,0,292,-2
2020-09-09,0,0,0,0,0,0,0,0
