date,total_confirmed,confirmed,total_recover,recover,total_death,death,total_active,active
2020-03-01,0,0,0,0,0,0,0,0
2020-03-02,0,0,0,0,0,0,0,0
2020-03-03,0,0,0,0,0,0,0,0
2020-03-04,0,0,0,0,0,0,0,0
2020-03-05,0,0,0,0,0,0,0,0
2020-03-06,0,0,0,0,0,0,0,0
2020-03-07,0,0,0,0,0,0,0,0
2020-03-08,0,0,0,0,0,0,0,0
2020-03-09,0,0,0,0,0,0,0,0
2020-03-10,0,0,0,0,0,0,0,0
2020-03-11,0,0,0,0,0,0,0,0
2020-03-12,0,0,0,0,0,0,0,0
2020-03-13,0,0,0,0,0,0,0,0
2020-03-14,0,0,0,0,0,0,0,0
2020-03-15,0,0,0,0,0,0,0,0
2020-03-16,0,0,0,0,0,0,0,0
2020-03-17,0,0,0,0,0,0,0,0
2020-03-18,0,0,0,0,0,0,0,0
2020-03-19,2,2,0,0,0,0,2,2
2020-03-20,2,0,0,0,0,0,2,0
2020-03-21,2,0,0,0,0,0,2,0
2020-03-22,2,0,0,0,0,0,2,0
2020-03-23,2,0,0,0,1,1,1,-1
2020-03-24,4,2,0,0,1,0,3,2
2020-03-25,13,9,0,0,1,0,12,9
2020-03-26,27,14,0,0,1,0,26,14
2020-03-27,29,2,0,0,1,0,28,2
2020-03-28,32,3,0,0,1,0,31,3
2020-03-29,47,15,0,0,1,0,46,15
2020-03-30,51,4,0,0,3,2,48,2
2020-03-31,51,0,0,0,4,1,47,-1
2020-04-01,65,14,0,0,4,0,61,14
2020-04-02,65,0,4,4,6,2,55,-6
2020-04-03,80,15,4,0,6,0,70,15
2020-04-04,80,0,9,5,8,2,63,-7
2020-04-05,82,2,20,11,10,2,52,-11
2020-04-06,111,29,20,0,10,0,81,29
2020-04-07,121,10,22,2,10,0,89,8
2020-04-08,126,5,24,2,11,1,91,2
2020-04-09,132,6,24,0,11,0,97,6
2020-04-10,165,33,24,0,12,1,129,32
2020-04-11,176,11,24,0,18,6,134,5
2020-04-12,221,45,24,0,18,0,179,45
2020-04-13,221,0,30,6,19,1,172,-7
2020-04-14,229,8,34,4,22,3,173,1
2020-04-15,239,10,43,9,23,1,173,0
2020-04-16,266,27,43,0,25,2,198,25
2020-04-17,331,65,45,2,27,2,259,61
2020-04-18,341,10,50,5,29,2,262,3
2020-04-19,368,27,60,10,30,1,278,16
2020-04-20,368,0,69,9,31,1,268,-10
2020-04-21,374,6,69,0,33,2,272,4
2020-04-22,387,13,74,5,33,0,280,8
2020-04-23,397,10,79,5,33,0,285,5
2020-04-24,419,22,80,1,33,0,306,21
2020-04-25,432,13,81,1,34,1,317,11
2020-04-26,440,8,99,18,35,1,306,-11
2020-04-27,440,0,106,7,35,0,299,-7
2020-04-28,453,13,108,2,35,0,310,11
2020-04-29,465,12,118,10,35,0,312,2
2020-04-30,491,26,122,4,35,0,334,22
2020-05-01,547,56,135,13,35,0,377,43
2020-05-02,577,30,145,10,38,3,394,17
2020-05-03,601,24,151,6,38,0,412,18
2020-05-04,607,6,199,48,38,0,370,-42
2020-05-05,640,33,226,27,40,2,374,4
2020-05-06,665,25,233,7,43,3,389,15
2020-05-07,684,19,236,3,44,1,404,15
2020-05-08,708,24,249,13,46,2,413,9
2020-05-09,710,2,258,9,46,0,406,-7
2020-05-10,722,12,264,6,48,2,410,4
2020-05-11,722,0,275,11,49,1,398,-12
2020-05-12,748,26,282,7,49,0,417,19
2020-05-13,802,54,287,5,49,0,466,49
2020-05-14,838,36,292,5,49,0,497,31
2020-05-15,871,33,292,0,49,0,530,33
2020-05-16,917,46,311,19,50,1,556,26
2020-05-17,951,34,318,7,50,0,583,27
2020-05-18,1017,66,336,18,52,2,629,46
2020-05-19,1064,47,357,21,52,0,655,26
2020-05-20,1100,36,366,9,53,1,681,26
2020-05-21,1133,33,397,31,56,3,680,-1
2020-05-22,1204,71,416,19,58,2,730,50
2020-05-23,1261,57,422,6,58,0,781,51
2020-05-24,1293,32,455,33,60,2,778,-3
2020-05-25,1315,22,461,6,63,3,791,13
2020-05-26,1349,34,498,37,65,2,786,-5
2020-05-27,1377,28,517,19,65,0,795,9
2020-05-28,1423,46,519,2,65,0,839,44
2020-05-29,1464,41,531,12,68,3,865,26
2020-05-30,1504,40,562,31,69,1,873,8
2020-05-31,1536,32,594,32,71,2,871,-2
2020-06-01,1581,45,624,30,72,1,885,14
2020-06-02,1623,42,624,0,72,0,927,42
2020-06-03,1660,37,635,11,72,0,953,26
2020-06-04,1714,54,638,3,76,4,1000,47
2020-06-05,1767,53,672,34,90,14,1005,5
2020-06-06,1832,65,672,0,90,0,1070,65
2020-06-07,1896,64,672,0,90,0,1134,64
2020-06-08,2005,109,672,0,90,0,1243,109
2020-06-09,2181,176,702,30,93,3,1386,143
2020-06-10,2365,184,755,53,94,1,1516,130
2020-06-11,2496,131,755,0,94,0,1647,131
2020-06-12,2557,61,828,73,106,12,1623,-24
2020-06-13,2683,126,864,36,106,0,1713,90
2020-06-14,2820,137,900,36,109,3,1811,98
2020-06-15,2923,103,1042,142,117,8,1764,-47
2020-06-16,3090,167,1085,43,117,0,1888,124
2020-06-17,3179,89,1101,16,117,0,1961,73
2020-06-18,3344,165,1124,23,117,0,2103,142
2020-06-19,3552,208,1167,43,117,0,2268,165
2020-06-20,3663,111,1242,75,132,15,2289,21
2020-06-21,3773,110,1280,38,132,0,2361,72
2020-06-22,3884,111,1318,38,139,7,2427,66
2020-06-23,4016,132,1360,42,140,1,2516,89
2020-06-24,4152,136,1399,39,146,6,2607,91
2020-06-25,4271,119,1454,55,147,1,2670,63
2020-06-26,4437,166,1609,155,150,3,2678,8
2020-06-27,4584,147,1649,40,153,3,2782,104
2020-06-28,4777,193,1711,62,156,3,2910,128
2020-06-29,4971,194,1762,51,157,1,3052,142
2020-06-30,5060,89,1831,69,161,4,3068,16
2020-07-01,5189,129,1883,52,161,0,3145,77
2020-07-02,5354,165,1933,50,161,0,3260,115
2020-07-03,5531,177,1973,40,167,6,3391,131
2020-07-04,5722,191,2012,39,167,0,3543,152
2020-07-05,5857,135,2105,93,190,23,3562,19
2020-07-06,5942,85,2187,82,191,1,3564,2
2020-07-07,6156,214,2232,45,193,2,3731,167
2020-07-08,6323,167,2247,15,196,3,3880,149
2020-07-09,6450,127,2432,185,202,6,3816,-64
2020-07-10,6580,130,2465,33,202,0,3913,97
2020-07-11,6761,181,2639,174,209,7,3913,0
2020-07-12,6929,168,2746,107,215,6,3968,55
2020-07-13,7055,126,3000,254,218,3,3837,-131
2020-07-14,7252,197,3140,140,231,13,3881,44
2020-07-15,7403,151,3255,115,243,12,3905,24
2020-07-16,7582,179,3467,212,258,15,3857,-48
2020-07-17,7681,99,3582,115,261,3,3838,-19
2020-07-18,7850,169,3661,79,263,2,3926,88
2020-07-19,8006,156,4179,518,271,8,3556,-370
2020-07-20,8133,127,4457,278,274,3,3402,-154
2020-07-21,8227,94,4660,203,277,3,3290,-112
2020-07-22,8377,150,5014,354,280,3,3083,-207
2020-07-23,8496,119,5269,255,280,0,2947,-136
2020-07-24,8579,83,5828,559,283,3,2468,-479
2020-07-25,8716,137,6068,240,286,3,2362,-106
2020-07-26,8853,137,6068,0,295,9,2490,128
2020-07-27,8967,114,6076,8,300,5,2591,101
2020-07-28,9098,131,6333,257,304,4,2461,-130
2020-07-29,9226,128,6357,24,307,3,2562,101
2020-07-30,9319,93,6462,105,310,3,2547,-15
2020-07-31,9395,76,6467,5,310,0,2618,71
2020-08-01,9524,129,6623,156,318,8,2583,-35
2020-08-02,9619,95,6623,0,318,0,2678,95
2020-08-03,9716,97,6624,1,318,0,2774,96
2020-08-04,9831,115,6764,140,325,7,2742,-32
2020-08-05,9958,127,6919,155,326,1,2713,-29
2020-08-06,10137,179,6994,75,327,1,2816,103
2020-08-07,10225,88,7068,74,331,4,2826,10
2020-08-08,10330,105,7137,69,331,0,2862,36
2020-08-09,10419,89,7195,58,331,0,2893,31
2020-08-10,10479,60,7250,55,331,0,2898,5
2020-08-11,10533,54,7371,121,333,2,2829,-69
2020-08-12,10623,90,7433,62,334,1,2856,27
2020-08-13,10695,72,7491,58,335,1,2869,13
2020-08-14,10731,36,7611,120,339,4,2781,-88
2020-08-15,10811,80,7672,61,339,0,2800,19
2020-08-16,10913,102,7734,62,339,0,2840,40
2020-08-17,10999,86,7820,86,342,3,2837,-3
2020-08-18,11030,31,8042,222,342,0,2646,-191
2020-08-19,11055,25,8110,68,343,1,2602,-44
2020-08-20,11130,75,8189,79,345,2,2596,-6
2020-08-21,11242,112,8279,90,346,1,2617,21
2020-08-22,11291,49,8347,68,347,1,2597,-20
2020-08-23,11323,32,8439,92,348,1,2536,-61
2020-08-24,11371,48,8532,93,349,1,2490,-46
2020-08-25,11431,60,8668,136,349,0,2414,-76
2020-08-26,11493,62,8778,110,349,0,2366,-48
2020-08-27,11529,36,8870,92,355,6,2304,-62
2020-08-28,11618,89,8976,106,357,2,2285,-19
2020-08-29,11717,99,9054,78,359,2,2304,19
2020-08-30,11777,60,9134,80,359,0,2284,-20
2020-08-31,11882,105,9211,77,359,0,2312,28
2020-09-01,11961,79,9286,75,359,0,2316,4
2020-09-02,12091,130,9377,91,363,4,2351,35
2020-09-03,12148,57,9466,89,366,3,2316,-35
2020-09-04,12233,85,9529,63,367,1,2337,21
2020-09-05,12384,151,9591,62,369,2,2424,87
2020-09-06,12597,213,9641,50,370,1,2586,162
2020-09-07,12608,11,9724,83,371,1,2513,-73
2020-09-08,12659,51,9830,106,372,1,2457,-56
2020-09-09,12808,149,9870,40,373,1,2565,108
2020-09-10,12944,136,9871,1,373,0,2700,135
2020-09-11,13112,168,10010,139,374,1,2728,28
2020-09-12,13164,52,10087,77,375,1,2702,-26
2020-09-13,13245,81,10133,46,379,4,2733,31
2020-09-14,13428,183,10196,63,382,3,2850,117
2020-09-15,13535,107,10196,0,382,0,2957,107
2020-09-16,13692,157,10327,131,385,3,2980,23
2020-09-17,13812,120,10340,13,385,0,3087,107
2020-09-18,13989,177,10412,72,386,1,3191,104
2020-09-19,14174,185,10458,46,388,2,3328,137
2020-09-20,14352,178,10536,78,396,8,3420,92
2020-09-21,14403,51,10632,96,399,3,3372,-48
